-25, -99, 3, 95
36, 22, 99, 66
-16, 28, 21, 54
24, 91, 58, 93
-58, 24, 3, 90
-63, 20, 60, 88
-77, 55, 93, 91
-52, -9, 1, 84
2, 92, 72, 99
-68, -97, -50, 14
32, 48, 67, 81
-9, 93, 26, 97
-26, -80, 68, -36
3, -4, 88, 3
-93, 46, -29, 53
82, 80, 84, 97
26, -41, 28, -17
-53, -1, 31, 2
-98, -23, -93, 21
-48, -69, 33, -9
-60, -79, -20, 47
57, 4, 62, 65
70, 23, 83, 96
-82, 94, -14, 100
-71, 23, 39, 26
63, 88, 72, 89
64, 40, 74, 79
96, 26, 99, 86
55, -1, 65, 37
-42, -35, 13, 79
44, -79, 72, -17
10, -39, 20, -21
-94, 57, -92, 95
-30, -7, 68, 48
93, -67, 98, 25
60, 71, 96, 86
13, 86, 46, 97
6, -33, 94, 74
30, 18, 46, 86
30, 75, 63, 96
16, 72, 31, 88
-55, 18, 95, 70
64, 9, 95, 78
-24, 71, 93, 87
88, -42, 93, 61
48, 80, 100, 88
92, 53, 96, 56
50, -92, 93, -59
-30, 48, 13, 89
-13, -64, 56, -12
69, -59, 76, 42
-52, -37, -36, 94
-6, -56, 16, -26
-98, 70, 30, 83
76, -92, 93, -45
-21, 77, 28, 78
-53, 71, -34, 98
-17, -24, 90, 76
12, 64, 38, 96
-56, 4, 17, 81
27, -37, 86, 29
72, 66, 99, 79
1, 66, 26, 100
-33, 70, -26, 95
-58, -85, 55, 43
-96, -42, 55, 28
-39, -73, 67, -20
56, -52, 86, 9
-59, 77, 88, 88
-78, -75, 17, 55
42, -64, 96, -10
71, 56, 80, 93
-85, 48, -48, 83
81, 72, 86, 80
-92, -38, -26, 35
-1, -64, 56, 40
-1, 33, 51, 91
-52, -13, 56, 44
-47, 46, -36, 72
71, -63, 84, 10
-3, -74, 65, 51
-12, -9, -4, 41
-17, -51, 97, 70
38, 31, 58, 72
-57, -16, 36, 7
26, -29, 57, 52
-13, -2, 46, 28
-52, 77, 100, 88
31, 83, 64, 87
-13, 15, -12, 40
50, 77, 74, 78
79, 84, 86, 92
74, -43, 91, 68
-34, 26, 25, 71
-53, -67, 83, 4
-3, -68, 66, -19
-59, 81, 38, 93
-12, 1, 56, 53
13, -50, 96, 39
-70, 73, -51, 77
13, 73, 57, 74
32, 22, 89, 59
-22, 64, 27, 93
-14, 90, 33, 97
0, -2, 48, 95
61, -33, 83, -4
-36, 85, 42, 95
37, -96, 53, 44
65, 82, 99, 83
-98, 32, -23, 63
-87, -63, -35, 50
-36, -11, -27, 14
21, 23, 22, 49
-88, 7, -26, 41
-57, 50, -8, 79
25, 93, 79, 95
-1, 65, 84, 82
-79, 85, -37, 100
-37, -91, 78, -3
-58, -10, 94, 73
68, 24, 97, 93
-59, -67, -58, 17
-35, -74, 67, 100
-64, 93, -24, 98
23, -14, 32, 79
11, -66, 100, 92
-17, 89, 67, 100
27, 80, 44, 82
60, -30, 87, 6
7, -12, 66, 76
-34, 13, 55, 19
76, 51, 98, 94
-69, -82, 40, -74
12, -100, 68, -30
80, 50, 82, 68
74, -75, 96, -20
44, -67, 72, -27
-83, 64, 68, 67
-26, -99, 47, 5
64, 22, 84, 74
11, 62, 72, 94
-98, 3, -64, 18
-77, 18, -13, 76
98, -10, 100, 43
87, 62, 91, 75
86, 10, 88, 76
-7, -22, 87, 12
0, -11, 67, 45
-49, -87, 46, -66
-66, 55, -41, 65
-72, 31, -25, 52
96, -71, 98, 80
45, -51, 63, -4
-33, -41, 25, 86
87, 94, 91, 96
34, -50, 54, 91
98, 83, 100, 99
-82, 99, 45, 100
40, -24, 64, 94
-40, 96, 42, 97
50, -9, 71, 8
38, 17, 45, 99
-4, -76, 92, 13
-90, 83, 76, 87
95, -7, 96, 79
-87, 27, 11, 64
-17, 65, -15, 84
-2, -95, 35, 29
-13, 7, 40, 54
76, -35, 89, -20
80, 6, 83, 66
-22, 31, 9, 57
-21, 4, 2, 14
30, 8, 72, 78
9, -32, 31, 99
-33, -43, 65, 49
-8, -52, 13, -35
41, 91, 64, 92
21, -35, 42, 19
78, 56, 85, 61
-3, -6, 15, 34
-20, 84, 89, 97
-62, -42, 28, -6
11, -65, 74, 81
-79, -66, -68, -36
-81, -76, -47, 48
-96, 31, -45, 35
27, 84, 100, 97
-71, -6, 77, 32
59, -96, 92, -90
-16, -23, 58, 96
87, 12, 100, 25
-48, -17, -11, -9
-94, 70, -43, 94
67, 71, 82, 100
-93, -67, 71, -58
-79, -34, -71, 39
87, 34, 98, 71
-92, -57, -55, 75
-20, 62, 1, 75
-56, -46, -52, -27
-22, -80, 95, 37
66, 92, 100, 98
-93, 35, 71, 36
-46, -19, 92, 54
31, -89, 44, 51
-88, -99, -63, -89
96, -50, 97, 94
-95, 82, -36, 88
22, 53, 57, 96
-88, -86, 52, 4
-21, -50, 51, 80
80, -45, 88, 23
-62, 79, 83, 87
62, -32, 72, 93
-14, -27, 11, -25
21, -89, 62, -73
22, -52, 55, 55
-4, -3, 58, 44
-87, -26, 64, 42
63, -43, 91, 12
-75, -79, 47, -45
91, 89, 92, 92
-93, 9, 19, 34
-64, -45, -33, 80
7, -13, 13, 30
30, -29, 71, -10
-25, 96, 97, 99
-94, 46, 20, 47
-84, -53, 1, 76
32, 20, 52, 35
84, -89, 97, -6
12, 80, 19, 92
44, 96, 79, 99
65, -80, 91, -79
52, 76, 75, 78
15, -45, 52, 62
33, -24, 94, 17
-46, -30, -42, 81
82, 65, 93, 83
-88, 2, -50, 91
30, 36, 58, 79
38, -100, 68, 92
-3, -95, -1, 13
-22, 43, 93, 69
-85, 52, 65, 64
38, -95, 85, 51
-6, -27, 20, 43
97, 85, 98, 96
74, 37, 80, 89
-91, -9, -11, 19
66, 25, 85, 36
16, 35, 91, 78
99, -53, 100, 28
36, 86, 83, 89
-14, -46, 65, 29
57, -82, 97, -40
61, 90, 70, 96
31, -15, 99, 18
-83, 88, 37, 100
58, -20, 64, 45
-6, 5, 45, 51
90, 91, 96, 94
-79, -4, 21, 21
-78, -41, -67, 76
61, 87, 98, 88
53, 99, 66, 100
50, 80, 51, 81
30, -40, 98, 26
39, 57, 81, 91
-20, 41, 1, 93
-9, 24, 100, 62
-90, 69, -63, 86
2, -13, 16, 11
63, -61, 97, 19
50, 87, 87, 90
-5, 73, 80, 97
16, 3, 59, 12
39, 7, 84, 61
-86, 17, -77, 38
-83, 79, -24, 93
-78, 8, -58, 21
95, 7, 98, 36
-98, -86, 78, -50
-36, -43, 1, -3
-73, 16, 78, 55
96, -71, 100, 80
42, 87, 48, 89
18, 45, 100, 96
50, -88, 58, -68
74, -87, 79, 4
-72, 37, -60, 76
-22, -82, 16, 20
-72, -20, 86, 9
-11, 29, 88, 54
-72, -62, 28, 74
93, 85, 97, 100
-87, 82, 11, 94
56, -91, 78, 80
33, -10, 81, 86
50, -2, 92, 12
99, 93, 100, 98
75, 23, 98, 61
57, -31, 61, -10
67, 73, 97, 87
55, 78, 73, 92
-23, -84, 66, -27
-92, -34, 94, 67
43, 46, 78, 97
32, -69, 49, 83
26, 15, 86, 20
20, -73, 56, 77
-80, 56, -9, 59
-63, -43, 39, -39
92, 41, 95, 83
52, -71, 100, 86
9, -67, 33, 8
77, -24, 99, 18
-20, -2, 30, 94
-12, -53, 80, 39
94, -61, 100, 36
75, 66, 100, 99
9, 36, 50, 53
-28, -4, -23, 2
35, -59, 82, 43
-14, 31, 44, 83
12, 73, 88, 91
-58, 65, 33, 82
-96, -44, -79, -8
36, 52, 57, 55
-3, 15, 16, 79
-9, -83, 88, 96
-1, -69, 87, 19
-86, 52, 11, 74
4, -63, 90, 47
86, -94, 92, 35
45, -86, 46, 49
-65, -74, -46, 38
-82, 16, 9, 96
24, 55, 72, 65
-75, -35, 45, -14
81, -62, 98, -37
-57, 92, 95, 99
-71, -7, 60, 82
-48, 3, -35, 38
46, -56, 98, 72
-12, 15, 53, 84
-64, 8, -7, 55
-40, 94, 36, 100
-17, 73, 65, 95
-86, -90, 100, 66
-17, -32, 58, -6
11, -82, 66, 42
-22, 15, 14, 28
35, 58, 63, 62
60, 85, 64, 94
-35, 84, 56, 100
-67, 14, 42, 58
67, 35, 75, 84
-21, -90, 84, -58
-45, -47, 84, 65
78, 36, 93, 60
10, -98, 78, 95
-48, -1, -18, 53
62, -12, 63, 26
-15, -36, 89, 10
-85, -99, -6, -91
6, 22, 55, 25
4, -69, 19, 5
70, 20, 98, 95
-3, 11, 14, 13
-27, -7, 0, 73
0, 96, 89, 100
-45, -48, 58, -38
39, 14, 67, 98
61, 39, 84, 60
-32, -39, 28, 13
86, -3, 100, 59
-25, 5, 81, 85
10, -94, 82, -83
8, -88, 23, 99
-34, -40, 54, 74
13, 60, 33, 77
7, -75, 32, 8
40, -28, 46, 77
-11, 75, 45, 82
-60, 31, 97, 68
-69, -40, -27, 59
-23, -23, -5, 94
60, 34, 90, 71
92, -41, 96, 95
32, 34, 56, 49
18, -4, 36, 13
-18, 64, 72, 99
83, 14, 91, 27
13, 14, 75, 98
26, -71, 47, 79
-50, 7, -4, 68
91, 99, 94, 100
96, 59, 100, 90
94, 3, 97, 11
-47, -27, 61, 55
97, -93, 100, -18
-92, 29, 19, 48
-98, 97, 5, 98
-14, 11, 76, 77
81, 99, 82, 100
-84, 61, -47, 79
57, -69, 78, -4
47, 81, 65, 87
10, 42, 17, 76
-6, -10, 52, 99
-25, 75, 40, 96
27, -62, 97, 71
54, -73, 97, -49
-48, -4, 21, 56
-60, -33, 15, 45
-100, 65, -60, 94
-25, 40, 41, 42
-64, 41, 47, 93
20, 68, 92, 74
44, 62, 90, 99
5, 21, 56, 37
78, -36, 89, 39
-91, 94, 46, 99
2, 34, 55, 50
-19, 83, 69, 93
25, -91, 40, -9
-73, 95, -28, 97
-50, -40, 60, -14
-52, -68, -17, -32
83, -59, 98, -9
-72, 14, 17, 79
-23, -73, -6, 59
36, 79, 60, 95
81, -15, 98, -12
-46, 38, -19, 92
68, 71, 72, 77
-68, 3, 100, 51
33, 37, 71, 53
17, 71, 19, 85
-48, -50, 28, -15
84, -36, 94, 60
-84, 10, 97, 45
-14, 9, 73, 59
51, -79, 100, 29
-60, 17, 16, 50
-45, 43, 87, 84
45, -32, 77, 68
-36, 24, -5, 67
38, 88, 90, 96
12, 72, 83, 79
30, -71, 99, 28
33, -51, 50, 89
90, 43, 98, 80
65, 4, 86, 28
-35, -88, 21, 65
-89, -11, 31, 60
-5, 13, 65, 44
90, 48, 91, 94
6, 12, 52, 79
2, 46, 19, 71
-37, -10, -14, 20
-47, 14, 8, 28
91, -51, 95, -33
43, -16, 67, 67
39, -18, 95, 32
-27, -35, 41, 46
1, -98, 33, 51
8, 91, 48, 98
74, 41, 90, 46
73, -38, 85, -19
-74, -45, -51, -38
83, -29, 99, 75
-88, 82, -47, 94
45, -6, 49, 91
-95, 3, -12, 14
99, 92, 100, 98
34, 59, 61, 62
-90, -3, 25, 62
-47, 64, 78, 70
62, 28, 96, 86
-1, 59, 58, 74
-21, -57, 33, -19
-55, -75, 23, -4
-25, -89, 69, 91
56, -81, 98, -2
54, -9, 96, 54
-24, -2, 18, 11
52, 95, 94, 99
15, 79, 79, 88
-16, -44, 21, 0
-91, 52, 93, 53
-19, 65, -15, 88
47, 89, 97, 95
93, -99, 94, -27
53, -54, 61, 90
-77, 50, 0, 89
-12, 59, 90, 96
43, 85, 62, 87
85, -52, 93, -3
-21, 60, -15, 96
43, -44, 75, 5
-28, -10, 37, 24
-11, -80, 34, -75
83, -97, 93, -8
69, -48, 90, 75
-9, -91, 21, -41
-54, 26, -16, 44
-54, -100, 14, -11
-100, -9, 49, 42
-75, 75, -41, 81
-42, -14, 7, 12
43, -63, 52, -31
14, 5, 87, 91
57, 92, 79, 98
42, -83, 95, -70
-19, 67, 39, 69
-80, 91, -20, 97
-13, 79, 23, 86
-26, -47, 12, -38
63, -89, 64, -51
-53, 34, -8, 46
82, 66, 93, 100
-51, -26, 3, 11
33, -85, 57, 42
-20, 86, -12, 96
64, -19, 86, 66
-2, 27, 4, 32
-83, -12, 0, -9
67, 6, 99, 22
34, 46, 58, 63
2, 71, 96, 95
-10, 63, 67, 98
3, 84, 22, 94
-67, 86, 23, 99
5, 2, 10, 48
-31, 77, 83, 95
85, -76, 96, 64
31, -24, 55, 13
37, -14, 94, 42
13, 65, 80, 99
61, -67, 95, -48
-81, -19, 55, 8
81, -55, 98, -46
-79, -20, -60, 63
27, 85, 100, 96
-5, -56, 6, 46
-42, 3, 36, 36
2, -50, 6, 26
-24, -59, 31, -49
59, -1, 76, 28
1, -97, 28, -23
18, -27, 63, 80
95, -100, 98, 24
28, 95, 75, 99
86, 14, 87, 24
-62, -30, -56, -11
68, -41, 74, 69
82, -11, 88, 9
53, -93, 71, 90
84, -39, 90, 28
32, -7, 95, 7
99, 40, 100, 71
98, 34, 99, 71
-75, -44, -3, -37
-92, -96, -71, -58
-51, -3, 58, 50
75, 70, 78, 80
-60, 73, -7, 100
-92, -88, -51, -70
59, 36, 96, 48
69, -98, 84, 37
64, -99, 91, 31
89, 46, 96, 97
46, 2, 72, 90
92, 83, 97, 91
-79, -55, 88, 47
-23, 70, 42, 87
20, -59, 21, 56
70, -99, 100, 21
-19, 23, 0, 72
28, 55, 41, 90
7, 40, 12, 94
-97, 45, -82, 95
19, 85, 94, 95
19, -50, 25, 17
-100, -16, -54, 15
-97, -93, 23, -7
27, -22, 41, 18
-29, 20, 98, 25
65, -66, 87, 20
-54, 30, 61, 60
79, -4, 82, 40
-46, -33, 41, 84
48, -84, 88, 69
86, -96, 98, 40
-11, 80, 26, 97
87, -99, 96, -88
-98, -81, 75, -9
70, 77, 75, 85
-65, 59, 7, 93
-22, 83, 18, 92
50, 41, 52, 91
44, 99, 67, 100
92, -30, 96, 57
-91, -76, 63, 64
-19, 95, 11, 96
-55, 80, 55, 86
53, -95, 96, 90
89, -24, 95, 14
-72, 53, 60, 58
50, 7, 57, 64
-19, -86, 94, 93
74, 58, 75, 97
24, -61, 72, 78
71, -17, 90, 16
72, 22, 79, 68
7, -91, 62, -18
28, -9, 48, 14
13, -37, 64, 10
-24, 21, 58, 66
93, 55, 94, 86
-33, 45, -28, 55
-14, 81, -13, 100
93, -70, 94, 96
81, 80, 88, 84
37, -18, 44, 4
-58, 85, -54, 97
-21, 17, -15, 71
41, 95, 98, 99
6, -3, 36, 73
80, -46, 83, 6
-51, 41, -3, 62
20, 14, 74, 22
52, -1, 68, 57
-87, -75, 31, 51
-58, 50, -33, 52
6, 29, 88, 81
18, -98, 69, 6
94, 84, 96, 87
-59, 45, 25, 55
-19, -79, -5, -7
-15, -37, 12, 54
70, 43, 79, 99
-73, 27, -13, 33
46, -49, 81, 87
-45, 60, 30, 75
87, 64, 95, 90
21, 61, 71, 66
70, -73, 77, 44
-40, 30, 68, 33
-18, 35, 97, 61
92, 38, 99, 64
39, 88, 91, 91
77, -57, 84, -31
-67, -80, 59, 66
54, 72, 67, 96
-91, -28, 92, -9
6, -88, 59, 92
-1, 14, 61, 39
47, 6, 48, 33
65, -22, 78, 80
16, -7, 25, -5
-22, 20, 81, 76
-56, 31, 25, 55
96, 27, 99, 29
80, -81, 89, 84
-25, -47, -14, 29
1, -52, 73, -22
79, -11, 83, 3
-11, 55, 90, 70
-78, 7, 54, 100
-10, 77, 100, 91
97, -71, 99, -65
-71, -86, 84, 61
99, -81, 100, 22
48, -10, 83, 24
69, -77, 81, -46
10, -74, 19, 31
-73, 10, 19, 94
19, 30, 50, 70
28, 27, 46, 87
-32, -62, 98, 93
-22, 52, 69, 67
-23, -43, 56, -30
-51, 27, 89, 36
-16, 72, 99, 83
-61, 6, -51, 31
83, -52, 91, 91
30, -42, 96, 7
-45, -49, 52, 24
57, -73, 100, -48
-33, -49, 39, 93
98, 7, 100, 90
47, -90, 56, 73
34, -66, 49, 32
-66, 25, 0, 71
80, -21, 97, 93
-100, -12, -9, 14
-2, -36, 5, 15
26, -45, 85, 98
18, -86, 62, -55
-8, -5, 53, 47
-59, 37, -5, 64
30, 38, 86, 40
-95, -11, 37, 93
-38, -22, -19, -9
90, 43, 97, 95
10, 60, 24, 77
-34, -93, 93, -12
-29, -38, 99, 63
-93, 84, -61, 92
10, -59, 91, -51
42, 44, 75, 94
15, 24, 59, 35
7, -35, 47, 61
-70, 62, 4, 91
-98, 65, 88, 80
91, -89, 99, 37
-56, -37, -46, -7
-41, -48, 42, -25
11, 7, 88, 76
-52, -62, 63, 91
64, -19, 99, 21
-41, 92, -30, 97
-87, -40, -40, -33
30, -13, 85, 73
-1, 76, 18, 97
-63, -90, -12, 12
65, -22, 78, 37
21, 11, 44, 31
53, 54, 65, 55
71, 9, 78, 53
-60, 45, 71, 81
-64, -57, -25, 45
-15, 47, 1, 75
-83, -67, 55, -12
-68, 4, -66, 75
90, 88, 95, 92
-12, 76, 34, 87
56, -16, 88, 58
25, -59, 59, 55
59, 13, 62, 27
71, -18, 84, 18
-72, 11, 36, 78
-18, -90, 51, 100
54, -37, 86, 12
79, -87, 82, 32
-7, -83, 13, 52
5, 70, 31, 75
-10, -13, 0, 77
81, 52, 83, 62
-53, 25, 74, 34
-2, 22, 47, 60
-79, 18, 98, 73
10, 67, 78, 74
20, -63, 53, 61
3, 59, 16, 82
60, 12, 71, 47
-97, -43, -88, -26
-49, 97, -30, 98
52, 86, 56, 100
21, -63, 68, -57
50, 25, 84, 44
-29, -93, 59, -71
14, -59, 81, -26
-84, -90, -77, 78
-64, 91, -10, 93
7, 59, 61, 77
41, 32, 83, 47
-56, -29, -37, 90
78, 99, 95, 100
-9, -5, 13, 57
-17, -13, 37, 62
72, -26, 82, -22
-30, -24, 65, 33
-54, -18, 13, 44
90, -76, 98, -4
12, -67, 87, 16
89, 43, 97, 57
67, -66, 69, -42
59, -67, 64, 28
68, -66, 86, 0
1, -95, 2, 14
22, -80, 53, 38
53, -14, 55, -9
92, 59, 95, 100
-17, -46, 70, -28
-48, 57, 38, 87
-25, 34, -18, 71
66, -79, 96, -58
13, 66, 32, 75
-4, 7, 77, 98
16, -25, 25, 40
93, 19, 96, 94
-66, 18, -18, 72
89, -89, 93, 31
2, -12, 25, 2
-39, -70, 68, 55
61, 35, 93, 45
-83, 56, -78, 69
87, 49, 91, 79
52, -46, 96, 27
50, -12, 68, 18
-50, -68, 15, 32
92, -26, 99, -17
10, 83, 69, 86
49, -19, 72, 98
-98, 1, 51, 97
-32, -71, 58, -9
40, 33, 96, 100
-12, 71, 58, 92
-58, -56, 13, 91
6, 23, 94, 61
32, 12, 75, 40
19, 40, 42, 85
68, -71, 75, 62
-78, 76, -74, 82
26, -94, 52, 77
-13, -53, 79, 47
-88, 44, 67, 90
18, -34, 89, 21
-98, 49, 65, 54
-28, -91, 74, 56
64, 10, 68, 89
-26, -64, 51, 88
-59, -3, 82, 48
-77, -23, 64, 61
22, 56, 81, 92
18, -45, 42, 13
25, 42, 49, 89
44, -100, 81, 29
33, 79, 61, 96
90, 29, 91, 61
27, -74, 96, 74
46, -29, 96, 44
38, 11, 48, 30
-32, 79, 3, 81
-74, -11, 7, 69
-49, 9, 85, 14
11, -29, 94, -24
96, -2, 97, 35
-53, -83, 98, 58
25, 2, 35, 92
4, 95, 38, 99
-22, 3, 21, 29
-76, 59, 19, 97
-53, 28, -33, 86
99, -9, 100, 45
36, 98, 63, 99
-98, -44, 78, 85
-13, 51, 10, 94
3, 17, 28, 67
-23, -6, 55, 37
-47, 4, -7, 39
31, -15, 97, 3
-83, 9, 38, 69
77, 79, 79, 95
9, -19, 26, 26
-15, 44, 8, 53
-33, 29, 18, 41
75, 18, 81, 95
69, 18, 73, 80
-2, 86, 42, 96
-79, 55, -45, 57
-17, 16, 66, 40
-26, -18, 36, -17
78, -14, 97, 26
-34, 69, 65, 76
7, -29, 48, -12
94, 76, 100, 89
90, 58, 96, 91
-26, 4, 94, 56
-83, 42, 63, 62
18, 88, 58, 96
55, 82, 68, 87
-36, 96, -1, 98
34, -31, 98, 2
91, -21, 92, 75
-32, 68, -30, 78
-64, 15, -3, 81
73, 44, 88, 76
91, 56, 98, 70
-14, 77, -11, 98
-74, 44, 46, 47
-91, 93, 86, 100
62, 89, 98, 93
-95, -95, 13, 82
93, 37, 95, 55
15, -87, 51, -8
53, 19, 55, 86
4, 3, 86, 100
-52, 95, 53, 96
-53, 24, 83, 58
39, 94, 94, 96
87, 73, 88, 92
8, -3, 26, 62
35, -26, 46, 31
-91, -16, -34, 93
74, 58, 82, 72
-85, 12, -62, 64
-27, -60, -18, 92
-69, -55, 34, 36
46, 41, 64, 88
80, 80, 93, 88
78, 85, 93, 99
93, 82, 98, 90
-28, 36, 75, 42
37, -59, 45, 99
33, 48, 74, 52
37, -76, 98, 4
-37, 92, 42, 96
18, 65, 47, 90
-74, -64, -3, 89
10, 30, 24, 96
-46, -80, -40, -30
98, 97, 99, 98
48, 78, 76, 96
42, 73, 50, 88
-31, 23, 91, 48
94, -16, 95, -11
-62, 12, -31, 54
65, -26, 92, -17
-79, -33, 48, 19
-3, -32, 33, 73
32, -59, 47, 68
-82, -15, -2, 20
56, 6, 64, 83
67, -85, 70, -51
99, -55, 100, 50
-93, -21, -62, 60
-8, -14, 8, 85
61, -27, 100, -11
55, 82, 74, 93
25, 9, 31, 13
-70, 89, -44, 97
25, 65, 64, 68
-65, -32, 15, 92
89, 33, 94, 88
-79, 47, -25, 98
-18, -91, -11, 80
-18, -31, 42, 3
36, -39, 37, 55
78, -79, 85, -49
98, -6, 99, 70
-81, 33, -28, 48
70, 24, 98, 97
96, -88, 99, -37
-35, -60, 88, 20
-56, -70, -41, -51
-33, -96, -1, -57
92, -71, 100, -10
-69, 73, 77, 85
22, -13, 54, 0
56, 2, 69, 39
44, -70, 81, -45
-94, 98, 26, 100
47, -97, 70, 26
52, -66, 57, 46
-3, -31, 43, 29
45, 33, 75, 43
-90, 11, -57, 38
-38, 58, 82, 71
43, 63, 56, 94
-75, -63, -34, -51
-100, 10, -3, 55
-96, 85, 13, 96
15, -60, 100, -21
56, 7, 91, 99
38, -100, 71, -12
-100, -50, 40, -30
-64, 48, 61, 76
78, -11, 95, 56
10, 86, 77, 87
14, 52, 33, 94
8, 51, 95, 53
67, -10, 83, 55
85, -23, 98, 84
45, 8, 76, 95
19, 30, 33, 87
-69, -28, 50, 43
83, 2, 86, 82
-85, 94, -83, 100
-100, -17, -85, -3
-44, -61, 67, -9
10, -82, 86, 33
-94, -57, 19, 74
-36, 79, 25, 90
-66, -81, 90, 31
-26, 64, 82, 87
-99, -6, -11, 76
-64, -23, 53, 50
-64, -99, 77, -60
61, -99, 81, 91
19, 85, 56, 87
-23, 51, 12, 63
69, -71, 95, 18
-3, 31, 31, 65
-99, -98, 41, -60
12, 0, 86, 68
-38, 68, 37, 81
61, 53, 76, 65
85, -66, 86, 31
-100, 68, 15, 76
-58, -16, -3, 84
-76, -9, 72, -8
94, -92, 98, -37
-66, -58, 97, 66
-40, 38, 88, 83
-44, -9, -8, 37
57, 29, 99, 46
24, 78, 65, 92
48, 67, 61, 81
-49, -7, 38, 47
-61, -32, -41, -22
-31, 32, 99, 54
-96, 23, -76, 64
-75, -22, 12, -18
-3, -56, 82, -54
-92, -93, 83, -2
-92, 70, -3, 81
61, -85, 77, -75
2, -37, 9, 23
-46, 86, 68, 99
-73, -24, 89, 3
42, 2, 62, 21
18, 65, 62, 79
25, 63, 52, 72
53, 38, 100, 74
-27, 28, 81, 51
-70, -8, 98, 85
-87, 25, 60, 84
-42, 73, 9, 82
-17, 74, 16, 88
-79, 89, 84, 97
32, 9, 59, 35
-66, 84, -50, 96
41, -70, 75, 83
88, -35, 93, 19
22, -98, 32, -85
26, -100, 88, 44
-43, -37, 42, 92
34, -63, 73, -34
6, -74, 17, 7
97, -79, 98, 25
31, -38, 90, 9
90, 83, 100, 98
-54, -46, -50, 37
99, 16, 100, 58
-46, -98, -33, 88
-52, 1, 8, 96
-63, 55, -26, 90
-62, 38, -58, 79
27, -5, 65, 48
-19, -92, 43, -57
64, -53, 72, -22
71, -60, 76, 12
-87, -64, 76, 95
-4, 95, 26, 96
-19, -7, 79, 10
-71, 32, 48, 34
76, -91, 79, 52
56, 73, 90, 84
26, 66, 35, 88
98, -53, 99, -42
26, 37, 38, 79
74, 12, 78, 55
-78, 10, -19, 66
99, -39, 100, 83
43, -55, 49, -53
-24, -73, 91, 68
12, 41, 44, 62
-78, 15, 34, 46
52, -3, 87, 63
-82, 67, 49, 87
78, 38, 95, 60
-14, -51, 83, -46
34, -51, 66, -2
-34, -95, -24, -25
-16, -86, 78, -51
-1, 34, 48, 36
-88, 96, -39, 99
-73, -23, 86, 52
-96, -68, -1, -10
-25, 63, 46, 92
55, -51, 57, -26
-27, -67, -3, 4
-45, -58, 20, -55
66, -20, 83, 86
-71, 24, 63, 66
-55, 24, 80, 32
1, 38, 95, 56
82, -65, 94, -11
-32, 7, 83, 30
-84, -17, 85, 9
-9, 41, 55, 74
71, 22, 77, 68
54, 45, 73, 78
58, -22, 71, 30
-4, 1, 20, 43
-31, -92, 44, -15
-52, 44, -46, 60
48, -27, 92, 48
-67, -89, -24, -43
-6, 59, 26, 67
-96, -59, -40, -22
-4, -19, 62, 26
-51, -26, -30, 46
85, 61, 90, 94
-26, 31, 78, 82
12, -78, 50, -25
55, 70, 63, 71
-1, -26, 75, 87
-27, -31, 12, -1
-6, -66, 25, -45
-95, 80, 12, 82
77, -32, 88, 28
-78, -13, 64, 59
-13, 36, 7, 88
37, -72, 93, -21
-40, 36, 48, 49
42, 4, 85, 79
33, -30, 55, -29
-27, -21, -1, -2
-89, -54, 2, 89
-30, -10, 71, 18
-63, -90, 13, -39
-64, 5, 22, 81
-92, -97, -60, 5
98, 18, 100, 56
-88, -34, -35, 80
89, 61, 95, 79
-18, 41, 86, 73
95, -56, 100, 42
35, 23, 80, 47
-92, -24, -73, 84
76, 28, 94, 95
-28, -26, -1, 33
-46, -66, 30, 9
-67, 47, 33, 90
14, -90, 69, 14
-47, 97, 71, 99
75, -61, 85, 55
-89, 89, -8, 95
-72, 61, 37, 85
93, -17, 95, 17
66, -73, 84, 54
-46, -31, -5, 91
-58, -53, 44, 82
-91, -2, 66, 63
-94, 75, -30, 92
89, -61, 93, 84
-11, 87, 11, 88
-85, -65, -46, -8
-61, 21, 73, 48
-77, -68, 85, 3
-70, 55, 63, 60
-30, 15, -9, 94
-14, 30, 57, 54
-67, 1, 0, 57
-12, 94, 79, 97
-42, -44, 29, 98
-77, -58, -58, 80
46, -23, 91, 39
-54, 41, -43, 68
-16, 96, 61, 97
13, -18, 50, 63
-77, -38, 10, 3
-59, -9, 91, 100
-36, 7, 33, 21
57, 15, 95, 55
44, 36, 76, 46
-96, -78, -79, 26
47, 48, 68, 62
-95, -21, -80, 24
-17, -28, 18, -16
-78, -13, 33, 24
92, -31, 100, 89
-69, -30, 49, 46
-39, -30, 28, 57
84, -97, 91, -40
-51, -97, 37, -55
26, 30, 31, 85
-49, 80, 100, 90
-20, 46, 82, 70
36, 41, 95, 46
-21, 46, 73, 58
84, 92, 96, 96
-41, -62, 11, 76
70, -50, 98, 96
-58, -91, -55, 38
80, 75, 98, 80
86, 93, 91, 99
-65, -65, 57, -15
99, -23, 100, 90
-87, 24, 16, 72
60, -8, 67, -5
88, 99, 93, 100
73, -59, 78, 85
18, 70, 84, 80
-81, -90, 1, 90
49, -5, 72, 30
-77, 11, 62, 39
18, -70, 100, -63
64, -86, 65, 60
94, 72, 98, 82
-6, -34, 92, 35
-52, 99, -41, 100
-97, 87, -18, 93
11, -69, 38, 96
37, -61, 55, 21
-57, 56, -27, 71
-35, 27, 29, 90
90, 84, 93, 95
58, 55, 61, 75
-40, -84, 72, -5
-14, 56, 87, 78
-67, 93, -12, 94
92, -17, 100, 92
-91, -27, -72, -13
-4, 62, 78, 71
45, 29, 67, 63
62, -3, 76, 91
-61, -74, 30, -28
82, -39, 83, 92
34, 67, 42, 98
76, -40, 81, 0
6, -30, 75, 86
-6, -11, 26, 21
39, 82, 96, 91
6, -69, 95, -30
80, -74, 89, 94
-76, 73, -55, 76
-10, 26, 100, 37
-100, -35, 56, 74
42, -5, 62, 9
-16, -56, 39, -27
49, 47, 72, 62
-14, -89, 39, -35
-56, -15, 93, 45
-98, -25, 38, 77
-26, -6, 81, 14
62, 93, 67, 96
-25, -50, 81, 6
-81, 31, 4, 47
-59, -83, 26, -59
89, -3, 98, 56
34, 40, 79, 68
-4, 32, 24, 85
52, 40, 99, 66
-91, -5, -67, -4
72, -17, 92, 69
76, 32, 87, 37
13, 94, 58, 95
-42, 52, 32, 72
8, -73, 73, -26
-13, -38, 41, 3
-53, 57, 67, 83
73, 58, 86, 89
-32, 20, 50, 32
-11, 24, 63, 95
14, -9, 100, 63
-71, 6, 31, 37
4, -43, 75, -16
-53, -18, 21, 20
67, -86, 88, 89
-49, 45, 0, 74
-10, 58, 88, 71
97, 2, 100, 8
-34, 11, 65, 72
-74, -72, -11, 9
55, -73, 89, 46
46, 98, 54, 100
-13, -24, 20, 79
28, -78, 100, -23
94, -7, 98, 71
-50, -57, -11, 87
-23, -90, 23, -73
-2, 99, 4, 100
-20, -58, 19, -2
-18, 5, 11, 71
50, -74, 73, -22
97, -25, 100, -9
43, -82, 63, 32
91, 28, 95, 48
17, -11, 65, 40
-29, -62, 6, -45
38, 57, 49, 89
95, 60, 96, 67
-33, -19, -14, 80
4, -94, 56, -59
-79, 28, 2, 80
2, 9, 37, 20
-91, 29, 97, 72
-94, -40, -16, 99
96, -99, 97, -34
-46, 84, 13, 90
70, -8, 82, 66
-27, -75, 83, 15
15, 29, 87, 80
22, 54, 97, 78
67, -26, 74, 80
87, 97, 95, 98
-5, 88, 44, 94
45, 87, 69, 96
47, -45, 76, 96
-77, 36, -44, 67
-50, -51, 76, -32
-11, 22, 45, 23
63, 60, 88, 98
85, 33, 100, 75
49, -4, 59, 100
-1, 44, 95, 86
58, 30, 61, 77
-43, 55, -10, 80
-5, -46, 25, -11
-71, -49, 88, -38
-22, -82, 50, 55
22, -45, 46, 70
8, 63, 80, 97
-79, 25, -45, 72
-39, 54, 21, 97
59, -41, 100, 2
-44, -94, 47, -48
5, 34, 15, 51
-21, -34, 13, 20
-58, -31, 85, 37
-84, -4, -29, 66
9, -18, 89, 98
-79, -29, 48, 69
1, -2, 43, 50
20, 29, 79, 75
17, -40, 52, 84
75, -99, 76, 34
-3, -89, 78, 58
4, 48, 22, 60
-69, 50, 31, 57
-94, -32, 80, -13
-22, -21, 19, 23
-86, 8, -65, 86
-72, 42, -4, 59
70, 67, 77, 84
-88, 20, 91, 64
-31, 18, 22, 49
-75, -33, -74, 5
49, 95, 64, 96
-22, -41, 22, -14
-6, 44, 37, 75
-4, 87, 31, 97
-63, -24, -6, 56
-36, -66, -14, 89
72, 44, 75, 62
-78, -33, 81, 69
6, 1, 46, 69
-48, 17, 50, 26
-19, 12, 15, 59
-98, 77, -57, 94
14, 74, 22, 83
-23, 92, 14, 95
-23, -77, 15, 20
98, 84, 99, 99
52, 83, 90, 89
74, 90, 96, 94
7, -77, 11, -24
-48, -29, -24, -8
66, 99, 83, 100
15, 21, 36, 46
-64, 16, 36, 90
80, 13, 92, 29
86, -51, 89, 64
-58, -61, 56, 37
0, 98, 65, 99
90, -33, 93, 94
46, -88, 51, -10
14, 51, 70, 93
74, -30, 89, 41
-2, -53, 48, -51
-88, 37, -20, 84
-87, 28, 9, 94
81, 94, 100, 96
18, -63, 56, 35
18, 59, 64, 60
-25, 73, 39, 90
-44, 59, -39, 82
-91, 39, 0, 64
-43, 95, -2, 98
49, 6, 98, 13
80, -84, 96, -44
-38, 24, 4, 59
-66, 54, -25, 91
59, 55, 66, 60
-61, 3, 99, 72
35, 68, 61, 75
45, -51, 62, 20
99, -64, 100, -21
-78, -66, 19, -28
22, -76, 39, 13
23, -62, 36, -18
11, 80, 50, 81
53, -14, 94, 46
1, -83, 47, -32
1, 95, 35, 96
-77, -89, 41, 28
-100, 27, -58, 83
93, 84, 100, 96
77, -10, 95, 44
-30, 82, -9, 84
-50, -76, -49, -39
-73, -95, 43, -82
77, 55, 95, 65
94, -62, 99, 87
10, 6, 65, 23
2, -2, 43, 82
85, 76, 88, 83
-73, -45, 24, 10
-52, -15, 9, 32
-36, -95, 25, 98
-81, -89, 60, -15
-84, 45, 37, 69
98, -77, 100, -42
3, 48, 21, 79
-39, 42, 57, 67
70, -86, 77, 58
-19, 9, 89, 13
79, -44, 85, 83
-27, -6, -12, 60
-52, -70, 48, -41
-61, -15, 39, 85
84, 96, 93, 97
-25, -87, 66, -33
-78, 52, -10, 79
-98, -43, -13, 23
65, 71, 83, 85
12, 13, 39, 54
-40, -90, 78, 40
-99, -95, 65, -47
-1, -70, 87, 66
89, -28, 98, -12
3, -26, 27, 80
-56, -79, -30, -69
11, 87, 78, 95
-68, 9, -40, 71
0, 28, 75, 46
-83, 32, -29, 78
-80, 1, 6, 55
86, -26, 91, 40
18, 32, 80, 73
-8, -8, 36, 89
-3, -32, 94, -26
60, 45, 72, 73
94, -40, 96, 19
-4, 17, 30, 76
44, -83, 78, 44
-71, -89, -8, 83
-74, -91, 49, 86
-27, -60, 10, -24
92, -34, 96, 12
-44, -80, 14, 81
74, 70, 92, 95
-53, 90, -45, 98
-76, -96, 34, 82
53, 6, 66, 68
48, -13, 57, 57
82, 62, 94, 81
15, -7, 61, 59
-36, -33, 31, 55
34, 32, 55, 79
82, -38, 94, -14
35, 84, 65, 98
17, -19, 75, 51
-38, 42, 25, 44
69, 79, 100, 85
-30, 15, 76, 29
96, -57, 100, 9
27, -82, 73, 48
-36, -37, -15, 56
88, 19, 91, 41
-25, -46, 83, 76
83, -83, 85, -2
-14, -97, 70, -16
44, 93, 70, 94
59, 14, 84, 89
20, -12, 96, 52
27, 71, 97, 84
67, 95, 95, 100
-52, 78, 82, 85
-92, 16, -26, 62
-29, -19, -1, 83
44, -81, 73, 51
-76, 87, -21, 96
-38, -53, 88, -21
45, 71, 53, 80
-82, 12, -67, 24
-62, 86, -43, 95
-3, -87, 27, -51
36, -69, 87, -27
19, 64, 40, 78
67, -6, 76, 93
76, -38, 90, -4
-9, 28, 2, 60
-59, -48, 86, 68
-67, 31, 62, 92
-7, 19, 83, 50
26, -22, 38, 15
-10, -13, -6, -6
-82, -3, -21, 3
80, 2, 83, 71
66, 46, 67, 50
2, 74, 85, 79
-74, 80, 18, 95
-79, -41, 2, -8
-38, -31, 60, 76
46, -69, 54, 33
77, -26, 80, 18
-61, -35, 89, -1
76, 20, 78, 51
-64, 37, -48, 66
2, 81, 34, 84
-36, 48, 41, 72
-88, 74, 74, 96
32, -20, 86, 89
-47, 28, 50, 45
-68, 41, 81, 48
30, -38, 83, 66
-88, 22, -69, 73
-97, -31, -94, -1
79, 42, 89, 83
52, 50, 76, 60
38, -92, 68, -81
-62, -51, 61, 50
20, -64, 42, -36
-42, -99, 90, 98
81, 81, 99, 97
-27, -85, 16, 73
77, 13, 97, 31
3, -36, 75, 85
-75, -1, 88, 1
-70, 99, -14, 100
-47, -86, -12, -34
-76, 36, 90, 97
52, -70, 76, -43
-85, 96, 55, 100
-29, 50, 57, 55
62, 53, 84, 92
9, -1, 50, 16
34, 55, 98, 59
-28, 35, 95, 39
42, -95, 63, -72
69, 57, 80, 89
62, -78, 71, -76
-55, 86, 46, 92
-30, 11, 3, 79
54, 22, 73, 64
-31, 21, 6, 38
34, -21, 76, 92
-41, -7, -20, 39
56, -76, 58, 31
91, -60, 93, 41
84, -75, 86, -71
7, -5, 57, 44
68, -44, 71, 69
-91, -69, -64, -1
-11, 37, 51, 86
55, 90, 70, 94
29, -91, 76, 43
83, 18, 90, 52
-81, -19, 30, -5
-63, 0, 18, 71
-61, -77, -27, 22
-51, 52, -35, 96
48, -35, 84, -30
-35, 72, 2, 75
-6, -41, 27, 65
73, 13, 76, 56
22, 21, 49, 23
41, -35, 97, -25
-30, -77, 14, 55
31, -87, 85, -8
-22, 70, 55, 96
16, -64, 99, 94
-87, -74, 78, 33
-49, -59, 35, 44
-97, -36, 73, 100
-92, -11, 33, 89
-25, -2, -17, 91
69, 71, 91, 82
-40, -85, 59, 43
-65, -27, 20, -10
-97, -99, -78, 42
-56, -35, 98, 60
-34, 73, 100, 86
-94, -72, 62, 36
18, -98, 80, -50
-28, -30, -22, -20
54, 18, 65, 76
-19, -77, 68, 65
13, 32, 82, 68
85, -85, 98, -42
31, 51, 67, 85
-18, 81, 68, 84
44, 17, 76, 59
-47, -29, 54, 19
28, -65, 94, 1
-69, 22, -29, 66
46, 87, 79, 99
-26, 1, -5, 65
-74, -41, 49, -4
-92, 23, 64, 35
-76, -66, -50, 100
-9, -41, 7, 8
-55, 88, -29, 90
36, -37, 49, 66
-94, -3, 54, 6
-60, -18, 63, -1
-29, 5, -3, 62
88, -46, 89, 16
-64, 30, 58, 41
-85, -71, 92, 98
-4, 65, 66, 89
-9, -90, 56, -64
21, -53, 63, 41
-85, -79, 52, -35
69, -3, 73, 84
47, -76, 88, 26
-23, -57, 95, 52
-8, -14, 25, 97
-82, -24, -19, 33
-23, -15, 93, 67
74, -5, 77, 75
-28, -40, 49, 67
-97, -62, 42, -47
9, -12, 75, 37
83, -36, 99, 49
54, 95, 56, 98
-86, -52, -53, 87
-48, -100, 41, -64
25, -22, 77, -12
33, 71, 99, 79
4, -81, 10, -70
85, 9, 95, 62
28, 18, 45, 21
45, 62, 86, 92
-68, 85, -28, 96
-81, -58, 36, 86
-52, -80, 0, -13
13, 43, 67, 85
-40, -74, 80, -36
61, 19, 77, 36
-61, 86, 1, 99
-61, 95, 63, 97
-99, -28, -72, 57
-83, 49, 31, 65
91, -84, 99, -75
-15, 27, 2, 86
-57, 5, -49, 20
69, -24, 100, -5
94, -46, 97, -42
-69, -1, 36, 40
57, -44, 99, -42
-68, -29, -1, -26
54, 32, 60, 45
-94, -3, 86, 82
4, -54, 45, 63
-26, 91, 47, 94
71, -9, 76, 45
-94, 58, 12, 74
80, -64, 97, 68
-30, -32, 93, 41
-67, 6, 75, 42
99, 70, 100, 90
49, 78, 75, 99
-55, -87, 23, -62
-97, 83, 52, 89
44, 0, 52, 25
31, -70, 78, -18
0, -68, 77, 17
-75, -1, 92, 86
58, 94, 78, 97
77, -34, 95, 56
-10, 37, 86, 41
65, 61, 85, 79
8, 16, 98, 73
-17, 91, 97, 100
2, -44, 70, 65
-11, -32, 1, 14
25, -53, 27, -33
10, 25, 86, 52
-23, -22, 39, 23
-1, 14, 82, 70
-42, -94, 3, -66
-2, -81, 85, -18
-88, 35, 100, 49
87, -79, 98, 60
46, 8, 57, 32
44, 28, 69, 83
89, -90, 97, 86
94, -67, 98, 3
-38, 74, 12, 83
58, -9, 93, 50
-46, -88, -32, -23
37, -59, 75, 88
83, 21, 86, 63
-98, 6, 37, 43
43, 83, 93, 84
16, -94, 25, -74
-85, -9, 47, 1
12, -51, 74, 26
61, 29, 74, 77
-17, 36, 75, 95
12, 71, 66, 85
44, -8, 76, 5
87, -34, 97, 82
-60, 46, 12, 98
-71, -61, -35, 46
34, 26, 61, 53
28, 84, 68, 100
-30, 95, 7, 99
83, -21, 92, 43
25, 14, 74, 62
0, -51, 87, 29
-80, -3, 67, 64
-7, 74, 41, 91
-93, 24, -30, 49
-63, -56, 20, 48
-76, 33, -49, 53
26, -96, 76, 56
-74, -13, -16, 2
-44, -5, 99, 27
-62, 89, 63, 94
-57, 71, 59, 99
-70, -2, -26, 26
-14, -59, 69, 40
92, -18, 99, 34
-37, -94, -25, -92
-69, -46, 2, -18
-37, 13, 46, 100
40, -40, 48, -8
-69, 81, 75, 98
26, -69, 91, 39
-46, -94, 42, -25
-26, 18, -7, 71
-45, 74, 62, 90
92, -42, 94, 37
48, -38, 87, 56
87, -37, 91, -6
-100, 53, -27, 57
49, 90, 61, 96
-26, 8, 89, 87
-97, 6, -55, 44
63, -69, 91, -54
72, -44, 98, 31
54, -12, 90, 81
5, 17, 87, 87
-85, 5, -53, 66
51, -46, 88, 16
3, -85, 82, -71
55, 90, 71, 100
-29, -22, 97, 84
-70, -88, -8, 37
-72, 21, 98, 66
91, 36, 100, 78
-98, 20, -95, 91
-9, 97, 41, 99
-54, 81, 53, 91
-53, -41, -26, 20
-55, 49, 7, 74
7, -94, 31, -84
-7, 34, -6, 61
20, 75, 52, 95
84, -19, 86, 28
12, 99, 60, 100
34, 29, 45, 85
-1, -80, 11, -13
28, 93, 77, 94
53, 41, 91, 56
-22, 99, -4, 100
13, 61, 60, 96
-15, 74, 19, 92
72, 0, 86, 94
-71, 75, 66, 92
-47, 7, 80, 62
-48, 67, 36, 92
-79, -72, 33, -17
-43, 67, 84, 87
-53, -81, 18, 81
60, -63, 74, -18
88, 90, 97, 100
16, -40, 78, 16
24, -55, 69, 1
34, -1, 55, 35
-64, 15, -37, 66
93, -60, 95, 73
61, -35, 82, 10
68, -46, 79, -5
32, -73, 60, 41
92, 82, 98, 84
75, 56, 96, 92
-24, 72, 23, 79
-96, 59, 4, 98
-70, 99, 48, 100
11, 42, 14, 81
-95, -77, 33, 62
-29, 18, 53, 24
-54, 4, -22, 36
81, 71, 94, 89
-64, -96, 53, 43
-80, 34, 23, 98
-96, 26, 81, 78
-90, 6, -13, 11
2, 30, 31, 85
-83, 76, 17, 91
37, 9, 80, 67
-2, -45, 11, -29
-51, 62, 87, 69
39, -30, 78, 31
41, 90, 75, 92
45, -58, 76, 43
-78, -79, -72, 45
69, 33, 76, 85
57, -79, 65, 40
2, 44, 83, 82
43, 35, 71, 44
-49, 92, -15, 98
-42, 87, 41, 98
65, -35, 98, 89
69, 86, 73, 100
56, 70, 73, 99
-3, 83, 0, 95
73, -30, 97, 94
-73, -47, -43, 2
66, -78, 75, -68
-100, -59, -79, 84
-81, -84, 82, 92
-56, 29, 18, 86
25, 14, 62, 63
-14, 37, 26, 65
-99, 0, 50, 87
-8, 5, 55, 100
20, -37, 93, 4
-93, 46, 40, 70
90, -62, 94, 92
-54, 4, 19, 78
4, -9, 36, 19
-25, 39, 32, 54
-85, -94, -5, -11
-52, 84, 17, 99
-83, 34, 74, 36
-45, 24, 10, 69
98, -97, 100, 34
-71, -84, 84, 35
-6, 7, 97, 17
5, 46, 19, 71
66, -79, 93, 88
-50, -30, 34, 71
-74, -64, -58, 57
83, -46, 84, -24
-75, -68, 78, 83
23, -49, 47, 1
-50, 9, -26, 44
-54, -84, 58, 87
35, 90, 70, 94
46, 23, 47, 67
-44, -8, 99, 31
24, 80, 28, 91
3, 20, 49, 50
-41, 16, 65, 60
50, 27, 74, 95
-31, -96, 41, 87
70, -69, 93, 3
64, 6, 78, 47
-69, -38, 91, 36
75, -29, 84, 30
-3, -39, 50, -3
76, 80, 84, 88
6, -15, 38, 99
17, -65, 44, 63
-38, -67, -17, -50
81, -44, 90, 76
-18, -20, 97, 93
-46, -100, 50, 34
-63, -21, 30, 34
-5, 92, 53, 96
34, 56, 73, 70
-81, 22, 5, 92
-13, -46, 16, -34
68, 50, 95, 70
-38, 79, 66, 88
-64, -41, 97, -31
79, 19, 85, 86
-100, -41, 3, 48
-26, 89, 20, 100
82, -32, 86, 69
5, -87, 60, -35
-85, 12, 35, 67
76, 60, 93, 62
83, -80, 91, 36
35, 41, 53, 73
68, -84, 95, -25
28, 45, 35, 78
47, -30, 95, -19
37, -91, 50, -13
-43, -90, -31, 93
11, -10, 89, 77
-22, 37, 18, 72
50, -75, 94, 6
-61, -82, 38, -17
92, -17, 98, 7
3, 89, 79, 99
-56, 70, 100, 85
87, 22, 89, 37
49, -1, 61, 54
-47, -63, 54, 62
-96, -6, -84, 51
16, -64, 96, -30
-4, -93, 1, -38
-85, 34, -75, 59
-30, 73, 93, 82
-53, -40, -47, 49
-12, 94, 20, 96
-19, 24, -13, 95
-39, 91, 92, 98
-94, -79, 22, 12
79, 29, 84, 94
9, -26, 88, 15
94, -59, 96, -20
-67, 52, -44, 69
-68, -61, 45, 95
-37, 53, 0, 78
-57, -67, 0, 27
63, -11, 72, 23
-92, 20, 20, 77
-88, 44, 31, 74
21, 88, 47, 97
-77, 35, 91, 81
-73, -23, -23, -4
89, 56, 95, 99
-44, -6, -40, 55
-26, -9, 48, 28
95, -56, 99, -43
94, -35, 96, 31
92, -70, 99, 66
26, -32, 94, 56
-29, 4, 24, 89
-70, 94, -27, 95
-14, 21, 73, 34
-4, -39, 30, -4
-80, -10, 4, 79
98, 62, 99, 95
-36, -15, -21, 69
95, -91, 98, -57
21, 75, 37, 85
55, -91, 76, 85
3, -98, 79, 69
-81, -99, 14, 6
-54, -85, -6, 43
1, 24, 40, 50
-46, -44, 32, -7
41, 26, 51, 77
39, -16, 50, -14
48, -38, 90, -4
-93, -24, -72, 26
-4, -88, 44, 40
82, -13, 97, 31
66, -21, 90, -17
31, 5, 57, 86
-21, 72, 51, 98
-85, 83, -35, 91
-61, 83, 77, 100
-30, 30, 71, 83
-4, 51, 69, 82
40, 15, 42, 66
39, -39, 43, 51
-4, -11, 21, 20
20, -38, 23, 5
-2, -80, 41, 66
-30, -23, 84, 45
17, 16, 93, 18
20, 62, 57, 75
-36, 94, 97, 95
-86, 41, -19, 77
56, -16, 72, 34
-19, -47, 55, 36
-4, 23, 19, 100
-33, -43, 75, -41
72, 81, 83, 85
-94, -85, -26, 84
-89, -36, 2, 73
83, -63, 85, 72
46, -40, 66, 51
41, 27, 57, 70
10, 31, 54, 97
-27, -12, 49, 27
-64, 74, 74, 99
7, -87, 20, -31
25, -1, 92, 7
-36, 19, 72, 55
-90, -45, 68, 30
-94, 46, 41, 90
-40, 60, 62, 70
23, 47, 67, 48
-33, 89, 64, 90
21, 89, 54, 93
-4, 42, 45, 75
69, -78, 82, 78
39, -59, 68, 63
10, -41, 79, 40
8, 57, 67, 67
-48, -35, 54, 100
62, 50, 66, 94
-23, 86, 30, 99
-35, 97, -30, 99
32, 87, 96, 91
-49, 45, -12, 70
95, 32, 97, 73
47, 31, 81, 68
-23, 7, -10, 52
-7, 60, 47, 83
64, 43, 71, 59
33, -46, 70, -40
-64, -75, -57, -42
-49, -52, -18, 70
-30, -29, 30, 29
40, 36, 52, 48
-85, 81, 20, 95
-99, 30, -36, 76
-69, 30, 2, 85
-21, 52, -13, 60
65, 5, 74, 67
56, -1, 68, 18
-38, -18, 85, -6
-18, -100, 81, -78
37, 68, 52, 85
26, -80, 38, -26
83, 89, 89, 99
-39, -73, 78, -51
-51, 91, 56, 93
-50, -25, -36, -19
61, 77, 69, 90
95, 48, 97, 79
-53, -39, 95, 74
-16, 64, 69, 100
-54, 40, 6, 45
-43, 81, -35, 88
36, 26, 55, 90
21, -10, 94, 35
30, -99, 65, 82
52, -5, 80, 82
83, -16, 96, 59
52, 39, 85, 76
29, 80, 82, 87
-77, 11, 45, 34
-24, 67, 53, 69
-42, 82, -2, 84
-2, -22, 0, 55
-1, -82, 77, 65
-24, 12, 38, 43
-34, 3, 64, 97
50, -31, 73, 16
-84, 9, -11, 13
-78, 6, -49, 29
-93, -78, -46, -26
81, 38, 91, 43
-11, 95, 59, 97
17, 76, 47, 80
37, -99, 52, -90
-67, 46, -66, 87
-51, -93, 25, -31
66, -26, 86, 73
-73, -25, 58, 76
26, -63, 91, 64
11, -10, 68, 20
-14, -44, 99, 73
52, -38, 74, 68
-59, 15, 100, 69
-58, 58, 50, 60
28, 76, 35, 97
79, -15, 100, -3
63, -21, 67, 34
39, 91, 81, 97
-53, 38, -11, 82
-35, 96, 2, 99
57, 8, 100, 96
-49, 63, 59, 66
14, 66, 39, 77
-88, 20, -4, 96
84, -86, 97, 50
-96, 6, 70, 99
-86, -90, 72, 43
-89, -64, 4, -15
-1, -6, 22, 44
18, 57, 28, 80
0, 47, 79, 82
30, -52, 53, 31
45, -81, 97, 16
94, 36, 98, 94
13, -80, 100, 21
2, 20, 43, 86
34, 34, 44, 93
-20, 84, 36, 87
88, 90, 97, 92
-77, -78, -13, 97
-67, -67, -9, 64
-66, 49, -12, 58
-15, 44, 6, 45
-58, -53, -27, 27
6, -57, 78, -25
59, -43, 99, 73
-75, -16, 7, 50
-7, -60, 94, 94
-46, -79, 19, -59
-22, -89, -20, 61
53, 56, 72, 69
-57, -43, 47, 31
28, -81, 84, -38
-7, -64, 71, -3
-6, -51, 71, -2
-89, -64, 17, 52
-60, 64, -56, 85
-43, 95, 14, 100
-10, -20, 19, 87
-34, -97, 95, -1
-11, -1, 14, 92
-82, -43, -51, 55
-92, 99, -66, 100
88, 30, 91, 31
25, -100, 87, 90
-80, -66, -18, -48
-100, 1, 26, 53
87, 4, 88, 59
-30, -66, 86, 31
-92, -45, -80, -37
40, 32, 86, 55
-44, -53, -4, 81
-2, 19, 19, 93
-20, 2, 70, 21
-32, 72, 12, 91
33, -43, 90, 41
-71, -19, -24, 4
18, -92, 90, 98
55, -20, 69, 97
-43, -89, -31, 19
-92, -2, -87, 27
73, 35, 95, 78
53, -81, 73, -11
90, 46, 92, 84
-82, -90, -75, -19
93, 88, 99, 94
-45, 65, 16, 88
-21, -67, 0, 27
28, 87, 32, 92
73, -32, 94, 20
60, -45, 93, -5
-67, -94, 25, -86
-56, -91, -25, -31
-11, 14, 74, 96
-10, 99, 43, 100
25, -84, 38, 65
-72, 69, 59, 74
-44, 74, -6, 97
5, -43, 62, -9
-4, -98, 71, -21
39, 66, 86, 88
-6, -9, 75, 92
-47, 70, 75, 80
-65, -18, -2, 43
77, -67, 83, 99
80, 1, 87, 41
-89, 29, 41, 66
-3, 58, 1, 95
-38, 42, 90, 77
-38, 56, 49, 63
78, -25, 84, 67
74, 32, 85, 34
-15, -58, 27, 67
-7, 31, 58, 70
6, -1, 44, 45
68, -100, 71, 65
-26, 65, 71, 68
53, 34, 86, 67
-29, -86, 32, -22
58, 34, 77, 54
-95, -72, -69, 88
-24, 26, 1, 43
41, 30, 94, 43
-24, 90, 11, 97
10, -70, 36, 76
-86, -82, 53, -54
-33, 75, 13, 95
-57, -45, 85, -16
70, 91, 94, 100
10, -19, 43, -12
-61, 51, 15, 70
-64, -80, -17, -50
-58, 61, 87, 63
-89, 45, -86, 97
-91, -1, 57, 21
-17, 11, 1, 18
-69, 34, 27, 90
45, -83, 77, 52
29, 24, 67, 34
38, 10, 88, 80
79, 94, 99, 97
-2, -63, 87, -43
-96, -20, 59, 94
56, -61, 74, 22
-54, -96, -21, -73
79, 36, 92, 100
-98, 48, 45, 78
85, 35, 93, 87
68, 72, 78, 100
72, 74, 87, 92
21, 51, 67, 84
24, -72, 28, -66
34, 34, 83, 96
92, -61, 93, -4
-6, 5, 59, 92
33, 40, 62, 65
60, -49, 62, 68
-32, 96, 6, 98
11, -1, 78, 25
-94, -68, -20, 38
84, -69, 95, 2
-82, 61, -38, 83
-93, -8, -81, -4
-17, -46, 61, 48
-41, 15, 40, 66
4, 32, 62, 72
20, 32, 91, 44
-35, -76, 3, 98
-80, -40, 88, -18
11, -96, 36, 2
1, 53, 42, 92
-28, 65, -23, 83
8, 27, 36, 60
-2, -25, 24, 38
58, 64, 97, 92
-7, -76, 65, 17
-37, 43, 22, 71
-34, 26, 50, 42
-90, -45, -6, 59
-28, 60, 55, 74
45, 15, 77, 21
-27, 73, 55, 91
-40, -34, 29, -23
89, 36, 98, 90
27, 95, 99, 99
-63, 86, 83, 93
26, -28, 63, 76
69, -82, 93, 66
43, 53, 99, 95
61, -67, 66, 25
-86, 52, 65, 90
57, -86, 60, -19
61, 48, 97, 54
-49, -47, 39, -5
-95, -72, -7, -48
-48, -49, 21, -7
-42, -92, -6, 56
-14, -13, 27, 62
49, 32, 53, 39
39, 63, 54, 86
-28, 24, -27, 83
20, 53, 81, 97
69, 25, 76, 99
70, -65, 74, -52
-23, 87, 71, 90
38, -85, 46, -16
-63, 48, 20, 85
-46, -63, -43, 70
-43, -93, 95, -40
73, 67, 80, 83
81, -84, 96, 84
46, -5, 80, -4
-8, 46, 3, 48
38, -99, 70, 93
-75, 42, 71, 77
-3, -26, 46, 43
78, -79, 80, 21
34, -37, 63, 28
-80, -62, -18, -6
58, -93, 88, 0
-99, 9, 63, 75
-20, -71, 43, 87
-62, 51, -48, 87
59, -8, 78, 47
7, -27, 65, 37
90, -27, 94, 70
-50, 31, 87, 82
32, 47, 98, 88
0, 18, 24, 33
-44, 35, 1, 45
88, 36, 91, 87
-34, -6, 63, 78
-84, 65, -27, 67
14, 46, 26, 55
-4, 35, 71, 62
-34, -7, 8, 20
9, -37, 63, 11
75, 13, 79, 25
-53, 83, -24, 91
31, -18, 82, 63
-17, -7, 57, 65
23, 48, 71, 57
-68, -75, 12, 46
32, 52, 58, 56
65, -36, 90, 9
15, 34, 50, 37
54, -14, 75, -1
-8, -11, 18, 32
30, -33, 40, -19
83, 66, 93, 77
-61, -63, 76, -16
54, -14, 61, -9
98, 46, 99, 77
-85, 88, -46, 89
-98, 93, 68, 94
36, 81, 99, 99
86, -55, 92, 48
32, -24, 87, 86
83, -12, 99, 45
6, -24, 15, 39
-15, 55, 27, 94
-86, 27, 37, 30
-46, 55, 31, 67
29, -14, 31, 65
-7, -67, 10, 52
-72, -100, 80, -57
-21, 97, 99, 99
18, -20, 27, 36
28, -58, 71, 81
24, -83, 82, 44
57, -30, 77, 95
-17, -52, 59, 97
3, 15, 99, 46
87, 60, 99, 70
-46, 68, 27, 79
-51, 53, 78, 81
-97, 2, 86, 11
55, -42, 98, -20
-26, 56, 76, 69
35, 48, 64, 100
-35, -62, -28, 16
93, 38, 97, 53
77, -21, 82, 82
3, 47, 77, 62
96, 1, 97, 35
-63, -56, 86, 42
21, 69, 67, 96
-62, 24, 38, 77
-21, -22, 72, 100
43, 43, 55, 86
15, 21, 85, 36
95, -20, 99, 74
46, 33, 59, 43
-47, 88, -3, 97
-55, 46, 1, 98
-73, 49, 86, 63
-48, -12, 3, 57
-92, 83, 68, 92
54, 30, 77, 87
63, 80, 80, 85
-63, -61, 52, 35
83, 84, 91, 91
-76, -33, -55, 98
-87, 31, -57, 52
-61, -26, 59, 27
-45, -88, 35, -18
4, 53, 40, 64
-87, 74, 35, 95
25, 14, 47, 95
84, 16, 89, 94
61, -80, 96, -10
-79, 98, -21, 99
-21, 34, 44, 87
-26, 12, -10, 61
76, -67, 100, -36
-45, 71, -23, 85
2, -98, 54, 48
-44, 90, 36, 100
-97, 36, 76, 50
-84, -34, -82, 47
-60, -70, -3, -40
5, -53, 29, 45
38, -42, 64, -41
-33, 88, -22, 95
30, -42, 40, -16
95, 28, 100, 88
76, -89, 79, -47
-3, -98, 46, -15
-86, 28, -40, 68
19, 23, 66, 34
-14, 56, 5, 57
4, -86, 55, -45
96, 47, 98, 99
22, -19, 39, 9
45, -100, 64, -76
9, -92, 60, 41
43, 5, 92, 24
60, -84, 98, -59
-27, 69, 44, 95
-35, 64, 96, 87
-81, -9, -59, 83
58, 27, 95, 55
1, -3, 99, 87
50, 76, 97, 80
-96, 75, 68, 83
98, 92, 99, 97
97, 63, 100, 77
-87, 64, 60, 95
42, -30, 99, 84
50, -65, 60, 70
83, 60, 93, 85
38, -81, 81, 85
98, -55, 100, 1
13, 5, 57, 59
84, -72, 96, 6
71, -50, 76, 44
53, -83, 58, 35
-20, -82, -3, 89
-16, 5, 21, 98
-55, -87, 70, 17
-37, 77, 55, 84
8, 97, 32, 99
5, 32, 27, 39
-53, 61, -47, 67
1, 3, 100, 90
-45, -64, 40, -24
92, 56, 97, 93
-22, 10, -2, 70
16, 72, 69, 89
7, -65, 51, -15
-93, -86, -36, 73
47, -17, 49, 54
47, 3, 84, 84
36, 99, 63, 100
86, 77, 96, 92
44, -50, 88, -31
-56, 27, 95, 65
67, -65, 84, -2
11, -56, 34, -23
57, -35, 80, 21
-90, 60, 35, 90
-12, -78, 73, 15
76, 47, 83, 85
26, -89, 67, -24
91, -4, 93, 24
2, 98, 5, 100
54, -4, 92, 80
-23, 52, 56, 71
48, 44, 55, 82
-64, 15, 42, 42
-31, -51, 44, 57
62, 25, 96, 94
-97, -64, -72, 7
37, 42, 51, 46
-12, 0, 8, 84
61, 1, 93, 25
28, 40, 95, 52
-79, -35, -69, 9
56, 43, 65, 89
-82, 68, -46, 88
28, 20, 37, 90
72, -91, 93, -13
-54, 69, 19, 79
8, -91, 65, 68
42, -84, 91, 69
94, -50, 99, 88
-71, -8, -1, 5
-58, -63, -30, -31
-62, 99, 91, 100
-38, -41, 79, 82
19, 54, 84, 90
48, -69, 85, -62
11, -74, 38, 96
-95, 55, -48, 72
-58, 74, -22, 85
52, -51, 80, -47
-34, 62, -10, 98
58, 94, 63, 95
17, -19, 34, 37
-32, 79, -29, 83
68, -9, 85, 30
-79, -96, 7, 1
91, 38, 92, 51
66, 75, 82, 86
38, -36, 76, 31
61, -5, 98, 12
-37, 48, 33, 85
17, -62, 18, -59
-6, -56, 94, 31
78, -81, 81, -24
49, 41, 79, 80
-15, 80, 42, 81
-17, -76, 37, -64
40, -24, 100, -23
-9, 84, 40, 85
-98, -84, -15, 100
-89, -34, -57, -10
-42, -18, -27, 48
95, 39, 100, 72
12, -4, 69, 89
-66, -23, 58, -5
-49, -80, 36, -76
-73, -98, -2, -18
-46, 83, -20, 98
-2, 40, 68, 97
-83, 11, 38, 96
6, 77, 100, 83
-6, -43, 18, -19
-5, 8, 15, 12
11, 96, 50, 97
50, 75, 51, 84
-52, -9, 48, 29
-40, 18, 89, 58
59, -28, 96, -9
27, 11, 83, 31
-69, 54, 16, 66
56, 68, 95, 92
76, -94, 90, 3
61, -63, 88, 38
-79, -81, 77, -66
38, 88, 85, 98
-90, -64, -20, -32
64, -41, 96, -18
46, -94, 53, 68
-93, -79, -5, 96
19, -37, 21, 66
4, -19, 58, 6
-2, 18, 58, 40
91, -9, 94, 87
-94, 22, 12, 30
-98, 34, -32, 76
31, 53, 94, 57
52, 39, 60, 71
-50, -73, 43, 56
58, -74, 77, -34
-66, -75, -35, -65
-6, 26, 100, 64
-52, -61, 33, 72
-9, -69, 40, 52
-93, -77, -89, -63
-8, -42, 61, 63
61, -98, 63, 87
9, 4, 79, 57
-8, 17, 24, 52
7, -88, 89, 43
37, -90, 72, 58
56, 45, 98, 82
46, -6, 89, 64
58, 51, 85, 94
-3, 72, 20, 81
2, -49, 78, 8
-6, -77, -2, -18
3, 96, 56, 98
63, 7, 97, 70
-26, -86, 6, 18
12, 43, 26, 86
-97, -32, 47, 24
1, -62, 86, 88
-1, -41, 17, -4
-83, 39, -68, 71
-63, 90, 32, 97
67, -83, 81, -52
-24, 96, 31, 97
25, 76, 77, 82
81, -12, 93, 54
-80, 19, 9, 52
84, -55, 98, -34
63, -22, 87, 35
-79, -67, -38, 25
-63, 57, -44, 59
32, -33, 60, -26
71, -85, 91, -42
-4, 38, 30, 79
67, -16, 90, 62
-36, 41, 37, 88
-76, -25, 41, 96
-46, -20, -23, 49
98, -26, 99, -7
63, 92, 80, 93
65, 17, 91, 29
14, 37, 93, 59
-63, 27, 16, 57
86, 80, 93, 87
32, -80, 99, 29
7, 76, 77, 77
-4, 62, 69, 91
-8, 44, 33, 55
99, 65, 100, 80
28, 65, 97, 74
71, 58, 84, 67
-23, -10, -11, 89
-79, -16, -70, 87
-46, -72, 86, 96
-72, 73, 43, 88
84, -9, 90, 75
-38, 32, -25, 52
22, -52, 59, 55
-4, 55, 94, 85
6, -93, 58, -42
-72, -89, 53, -9
-91, 50, 73, 82
8, -97, 43, 33
97, -14, 99, 42
-4, -100, 86, 99
72, 66, 88, 81
2, -44, 48, -6
3, 46, 18, 84
-6, 78, 31, 82
82, 22, 89, 81
-92, 34, -67, 55
-72, -99, 72, -16
-67, -10, -3, 65
-49, 39, 13, 85
98, -13, 100, 64
64, -50, 83, -4
62, 5, 98, 65
-18, 58, 83, 67
84, 51, 96, 89
15, -18, 46, 41
86, -57, 89, 90
-18, -5, 10, -3
0, 25, 45, 65
-40, 11, -36, 63
-25, -49, 38, -32
42, -73, 54, 24
55, -78, 77, -75
-93, -7, 85, 85
83, 94, 95, 99
50, 79, 92, 80
-57, -19, 52, 17
48, -14, 75, -5
74, -4, 91, 5
-52, 45, 85, 52
-82, 60, 68, 63
37, -70, 85, 100
-43, -12, -26, 74
-18, 58, 76, 68
-73, 66, 21, 67
17, -61, 80, -57
39, -64, 97, 79
82, 31, 97, 47
-76, 59, -69, 78
-49, 75, 48, 77
-51, -21, 48, 97
-50, -83, 74, -59
0, -46, 1, 8
21, -7, 22, 85
67, -18, 74, -1
-40, 85, 63, 89
-36, 85, 15, 96
15, -40, 93, 28
34, 37, 98, 54
8, 70, 54, 80
52, 82, 70, 84
-36, -81, 100, -80
31, 34, 98, 96
-12, -19, 6, -13
69, -44, 81, 81
40, 30, 88, 88
67, 21, 99, 89
-76, 12, -67, 47
-22, 13, 24, 77
28, -10, 96, 10
10, 8, 67, 15
-85, 52, -41, 72
16, -87, 65, 72
87, 61, 94, 96
-88, -70, -70, 69
-32, 30, 86, 89
-21, -3, 67, 3
66, 77, 73, 84
92, 52, 93, 86
13, 95, 66, 96
64, 94, 95, 98
-80, 60, -44, 62
20, -16, 90, 39
71, -97, 76, 68
66, 5, 70, 12
2, 28, 99, 89
-3, 89, 48, 97
-49, -65, 30, 86
25, 74, 83, 97
9, -100, 54, -53
-15, -63, 33, -45
-34, -90, 23, -23
4, 85, 97, 89
-75, 94, 70, 95
94, -28, 97, 54
-79, 34, -70, 61
-74, -97, 42, 19
-87, -76, -46, 77
92, 25, 94, 26
23, -21, 36, 52
-23, -27, 96, -9
78, 66, 92, 84
70, -4, 76, 95
-68, 18, -26, 74
1, -48, 74, -29
-58, -33, 23, -18
9, 23, 15, 64
69, -7, 72, 5
-73, 52, 6, 63
0, -4, 6, 96
-5, 45, 33, 85
-26, 81, 43, 94
-50, 78, 41, 92
62, -50, 89, 44
59, 65, 89, 70
4, -66, 98, 70
28, 12, 54, 25
-90, -76, 19, -30
85, 79, 90, 81
-29, 25, 42, 68
76, 40, 83, 60
-30, -21, -5, 93
97, 99, 99, 100
39, -54, 43, 20
-97, -80, -80, -62
-84, -23, -52, 2
33, 53, 78, 88
43, 0, 64, 45
28, 91, 40, 94
-72, -56, -53, -22
-90, -90, -1, 49
-87, -55, 21, 23
2, 57, 20, 67
22, -42, 73, -31
-78, 60, 91, 88
16, -23, 73, 54
-39, -91, -5, -17
60, 96, 90, 100
-51, -92, 32, -4
80, -79, 88, -77
-14, 57, 77, 83
-68, 86, -40, 99
-89, -90, 88, -74
-5, 6, 9, 40
-59, -20, -13, 21
-51, 41, 40, 72
8, 13, 80, 15
-92, -18, -14, 82
87, -74, 98, 9
81, -35, 88, 34
36, 70, 46, 85
-32, -41, 42, 23
-48, 93, 88, 96
69, 76, 94, 92
-98, -34, -42, 88
-47, 40, 60, 94
74, 70, 90, 98
15, -23, 46, 28
76, -27, 79, 71
-1, 46, 43, 49
51, -96, 71, -84
39, -62, 67, 82
-32, -76, -28, 64
-3, 27, 25, 82
90, 74, 91, 79
60, 88, 83, 91
-49, 67, -7, 81
-27, -97, 34, -49
53, 57, 69, 83
15, 4, 49, 56
51, -64, 66, -58
27, -32, 73, -5
-26, -43, 91, 50
62, 12, 67, 37
-58, 46, 87, 100
-49, -77, 77, -52
-15, 63, 36, 84
71, 15, 73, 49
-88, -85, -15, 46
83, 5, 86, 46
-82, 40, 77, 42
47, -52, 85, 98
1, 7, 93, 49
1, 97, 12, 99
6, -66, 82, -49
32, 29, 72, 39
91, -86, 100, 85
89, 76, 95, 85
-21, 8, 53, 61
38, -12, 63, 65
-37, 38, 79, 100
27, 67, 65, 98
93, 88, 99, 98
-23, -70, 99, -59
37, -54, 82, -26
-50, -51, -3, 58
65, 97, 74, 99
89, -73, 97, 82
33, 27, 82, 99
19, 16, 27, 89
-24, -53, 21, 39
-38, 2, 55, 45
-78, -51, 48, -48
-68, -46, -60, 86
-69, -90, -40, -20
46, 14, 62, 24
-22, 62, -11, 100
45, -98, 46, 52
-52, 53, 13, 70
-33, 20, 60, 61
-15, 36, 25, 69
7, 86, 14, 89
-7, -82, 98, 92
-49, 74, 83, 81
-97, 78, -80, 99
4, -98, 91, -9
-62, 40, -20, 49
87, -78, 91, 47
94, 3, 97, 28
-30, 24, -26, 37
-4, -79, 39, 81
55, -34, 98, 7
87, -39, 90, 40
-81, 77, 92, 80
-70, -83, 57, -2
94, 13, 95, 25
-76, -45, 2, -17
-90, -60, -38, 18
-54, -91, -34, -71
-23, 51, 83, 89
-24, 55, 62, 99
-78, 62, 48, 90
4, -5, 61, 83
63, 74, 86, 90
91, 87, 96, 96
91, -96, 95, -81
81, -76, 92, -45
-66, 7, -63, 43
23, 91, 87, 98
-7, -51, 58, 29
4, 91, 90, 94
-53, -75, -52, 39
8, 47, 38, 61
6, 47, 42, 76
42, 66, 74, 67
53, -42, 64, 60
-67, -12, -1, 55
48, -83, 67, -20
45, 36, 89, 47
98, 30, 99, 88
-31, 24, -20, 92
82, -42, 93, -33
-23, -1, 20, 88
18, -40, 85, -4
-78, 76, -13, 84
46, 27, 84, 51
-64, 69, 9, 83
-25, 76, 42, 82
64, 60, 76, 97
-7, 49, 2, 99
-67, 29, 27, 40
-29, 15, 21, 18
-99, -45, 52, 82
-25, -84, -1, -68
87, 52, 97, 53
48, -1, 56, 67
42, -52, 54, 72
99, -86, 100, 99
70, 56, 81, 95
-38, -35, -1, 70
95, -37, 98, 62
-2, -59, 59, -14
-19, 57, 86, 99
28, -9, 72, 37
-22, 30, -8, 83
43, 9, 96, 21
-41, 41, -25, 97
57, 18, 92, 85
53, 98, 88, 99
84, -90, 88, -22
63, -19, 73, -5
86, -89, 92, 40
-42, -27, 50, -21
15, -57, 56, 12
-75, -82, 55, 24
-3, -88, 99, -13
8, 49, 72, 75
-55, -10, 55, 90
-76, 38, -18, 89
-77, 57, -31, 84
6, 82, 53, 84
-99, -30, 20, 62
-99, -85, -25, 25
92, -45, 97, 42
-62, 37, 28, 55
89, -27, 94, 92
57, 98, 63, 99
99, -43, 100, -34
-10, 36, 86, 37
-25, -67, -2, -11
-95, -8, -92, 94
25, -26, 29, -17
57, -92, 61, -68
-8, 95, -5, 98
16, -15, 79, 32
12, -83, 64, 59
-40, 27, 96, 30
-30, -39, 8, 79
78, -47, 96, -6
-70, 54, 21, 77
-3, -86, 10, 20
-80, -16, 82, 33
-14, -90, 31, 69
52, 51, 59, 84
5, -44, 6, 52
-70, -8, 59, 36
-42, -41, -5, -23
-95, -31, 26, -11
84, 38, 94, 63
27, -98, 97, 4
-55, 89, 73, 95
-89, 34, -35, 89
-94, -1, -28, 61
-72, 24, 46, 38
2, 97, 18, 98
-11, -68, 16, 53
48, 27, 81, 45
-44, -21, 58, 59
92, 30, 100, 68
1, 77, 13, 100
20, 87, 47, 92
18, -1, 89, 41
31, 40, 96, 72
-93, 93, 70, 100
24, -51, 61, 74
-29, -58, -22, 26
50, -73, 93, 50
-83, 6, -76, 27
26, 90, 65, 96
47, 35, 89, 99
69, -43, 99, 62
23, 4, 70, 94
86, -63, 97, 82
35, -42, 79, -31
94, 92, 100, 96
98, -67, 99, -17
16, -32, 45, 76
20, 91, 21, 99
61, 1, 76, 56
15, 46, 80, 55
1, -15, 57, 40
24, 20, 95, 46
-2, 32, 98, 82
94, -41, 100, 91
-60, -96, -33, 6
67, 68, 96, 100
-15, -40, 54, 45
-84, -73, -28, 11
81, 71, 99, 94
22, -79, 97, 40
-24, 66, 76, 71
-8, -57, 71, 3
-71, 65, -31, 75
37, 63, 83, 74
-3, 68, 51, 92
-69, 50, -14, 86
0, 51, 32, 93
-50, 24, -43, 97
53, 0, 57, 79
-40, -75, 98, 16
-44, 94, 67, 100
-46, 56, -28, 63
27, 86, 57, 97
-10, -74, -4, 95
69, -66, 74, 62
17, 36, 67, 74
-40, -26, 95, 45
3, 20, 46, 21
90, -7, 92, -2
-47, -29, 48, 72
70, 74, 77, 83
29, -42, 79, 36
48, -13, 73, 94
34, 49, 67, 83
-40, 34, 12, 83
83, -95, 87, 66
-90, -73, -8, 50
-44, -20, 43, 80
94, 90, 96, 99
-11, -40, 49, -1
60, -25, 79, 22
-83, 0, -73, 39
16, 82, 62, 95
-22, -20, 9, 46
52, -89, 73, 89
82, 52, 86, 66
-24, 4, 32, 44
49, 38, 70, 51
3, 26, 11, 90
-31, -37, 87, 69
-94, 42, -18, 86
0, 96, 24, 97
-39, -38, 14, -20
68, 70, 78, 71
-90, -32, 30, 21
-46, 52, -5, 83
-13, -81, 82, -73
-100, 89, 9, 96
71, 85, 94, 94
-57, -18, -44, 3
93, -31, 96, -22
10, 0, 50, 60
-27, -99, -24, -5
57, 88, 63, 90
-8, -96, 70, -4
71, 24, 78, 45
-45, 55, 100, 92
-40, 49, 1, 72
-64, 6, -33, 17
-42, 54, -19, 84
41, -11, 82, 41
54, 28, 56, 91
-96, -60, -17, -14
-48, -77, 46, 26
53, 24, 99, 27
-91, -82, 42, 67
-42, -83, -5, -76
-7, 81, 69, 99
71, -44, 81, 93
36, -46, 42, -6
-92, 65, 0, 96
65, -36, 83, 3
-85, 13, -59, 65
9, -51, 75, -42
-12, 47, 47, 77
62, 82, 91, 94
-14, -78, 80, -9
-35, 54, 53, 97
-97, 41, -47, 47
52, 70, 65, 96
50, -86, 56, -9
17, 36, 96, 59
-49, -75, 58, 27
-39, 38, 4, 66
-67, 77, 80, 91
53, 71, 64, 80
97, 94, 100, 98
-94, 30, 84, 38
-62, -10, -33, 85
-91, 48, -5, 79
-29, 77, 43, 92
37, -5, 64, 74
52, -58, 86, -3
-42, 83, 91, 84
85, -68, 90, 71
98, -79, 100, 64
64, 33, 74, 91
-62, 94, 51, 100
18, 67, 65, 98
15, -59, 100, 78
-76, 20, 0, 88
21, 62, 36, 73
-11, -52, 36, -23
92, 8, 97, 82
56, -25, 79, -11
-39, 75, 100, 82
-25, 28, -19, 39
84, 43, 87, 78
-62, -66, 28, 50
34, -65, 38, 34
95, 96, 100, 97
28, -10, 61, 60
-33, -45, 44, 100
59, -53, 66, 14
22, 41, 92, 80
82, 33, 94, 52
50, 34, 70, 87
60, 29, 71, 71
74, 42, 91, 48
-59, -78, 86, -59
-86, -6, 16, 54
3, 39, 61, 65
-32, -51, 67, 87
1, -32, 38, 69
-24, 97, 48, 100
55, -89, 59, 43
0, -54, 70, 52
45, 24, 66, 61
-80, -5, 9, 3
-44, 52, 47, 71
97, -68, 99, -55
-72, 45, 47, 81
92, -52, 99, 93
-49, -9, -34, 10
13, -84, 21, -82
96, -88, 97, -1
-89, 75, -68, 89
39, -92, 69, 40
19, 28, 89, 46
-62, -100, 20, -9
-67, 64, 9, 68
-10, 96, 37, 97
-39, 80, 57, 98
6, -51, 56, 16
-80, -81, 96, -36
9, -16, 34, -1
-84, 20, 85, 95
-59, -57, 15, -55
96, -28, 99, 2
-49, -58, -18, -55
70, -16, 75, 1
24, 81, 33, 90
2, -85, 20, 74
68, -95, 76, 11
-39, -75, 9, -36
-70, -78, -5, 80
-91, -19, 8, 5
-76, -35, -59, 23
-65, 75, 63, 90
-30, -15, 12, -11
-38, -3, 34, 77
87, 28, 92, 58
28, 65, 51, 92
-11, 47, 52, 95
63, 88, 99, 97
-84, 13, -16, 31
70, 12, 83, 75
69, 65, 77, 72
93, 20, 97, 80
20, -58, 75, -11
18, -76, 65, -63
-16, -17, -7, 33
72, 5, 75, 50
-60, 96, -39, 98
-34, -42, -10, 8
-48, 12, -20, 80
-91, -21, 79, 41
64, -95, 73, -70
37, 27, 94, 61
97, -77, 99, 87
26, -91, 55, 41
14, -49, 39, 3
-21, -73, -18, 30
58, -89, 95, -16
-46, 81, -24, 97
40, 38, 98, 41
67, 65, 97, 89
9, -86, 36, -30
-99, 67, 53, 74
2, -86, 73, 28
-29, -24, 22, 61
-17, -92, -7, 11
57, 30, 94, 34
47, -34, 50, 68
32, 6, 90, 9
-55, 77, -42, 86
-35, -62, 28, 66
28, -80, 75, 11
-27, 89, 87, 93
-30, 8, 45, 48
-2, 4, 98, 56
-81, 71, 12, 87
6, -78, 17, 1
55, 91, 84, 97
20, -43, 66, 96
99, -70, 100, 82
36, -75, 79, 25
-66, 99, 40, 100
-93, -78, 26, 80
7, 13, 24, 31
42, -3, 93, 91
-78, -6, 21, -3
26, -32, 32, -8
33, 83, 36, 96
2, -69, 35, 54
-23, -78, -9, 89
-76, 91, 5, 92
-5, 4, 15, 38
23, -55, 73, -44
-80, 97, -18, 98
-92, -60, 17, -47
90, -11, 98, 67
-61, 55, 26, 87
24, -13, 27, -9
-3, 11, 77, 39
3, 55, 52, 75
-25, -43, 99, -22
12, -77, 70, -1
-37, -8, 59, 52
9, 84, 11, 92
50, -45, 68, 50
89, 36, 98, 60
34, -38, 41, 80
34, -20, 60, -2
27, -26, 35, 27
-71, 27, -25, 82
19, -24, 31, 33
29, 81, 57, 100
-37, -94, 42, -11
-88, 15, -57, 71
64, -30, 82, 37
23, 19, 52, 77
0, -18, 94, -14
-29, -57, 73, 76
-53, 18, -3, 57
30, -78, 65, 62
-39, -69, 52, 99
57, 52, 71, 95
-58, -96, 22, 79
22, 63, 36, 98
62, -34, 94, 1
32, -100, 40, 62
70, -3, 90, 72
21, 56, 40, 95
43, -36, 72, 27
54, 30, 61, 64
-18, 58, 30, 61
-81, -62, 22, -33
-16, 26, 16, 81
75, 23, 88, 37
16, 95, 38, 96
-77, -32, -67, 45
32, 52, 88, 81
-12, 18, 35, 99
-63, 79, -56, 85
41, 42, 42, 71
-10, 29, 9, 78
-73, 46, 93, 97
82, -1, 95, 66
14, 47, 54, 61
-35, 42, 2, 56
89, -5, 98, 23
-24, 32, -7, 86
78, 34, 88, 63
-32, -2, 29, 21
-14, -35, -10, -29
91, -4, 99, 23
-57, 61, 15, 66
4, 69, 14, 95
-53, -62, -24, 26
-25, 53, 39, 72
-73, 50, 2, 83
73, 66, 78, 80
83, 59, 99, 99
-40, -84, 17, 88
-73, -9, 29, 91
-65, -83, 79, -49
73, 4, 83, 91
81, 31, 100, 32
-52, 66, 4, 98
-1, -86, 15, 76
-47, 59, 2, 90
18, 23, 92, 29
-56, 34, -10, 75
-26, -91, 86, 1
49, 82, 98, 97
32, -46, 81, -17
-42, -70, 2, 71
-38, -50, -2, 16
-70, -67, 41, -65
-25, 76, 13, 77
-65, 52, 23, 96
50, 49, 66, 61
60, -22, 85, 40
37, 78, 65, 95
-64, 15, 3, 70
37, -10, 50, 99
-66, -97, -31, 33
-62, -72, 81, -70
-97, -4, -2, 35
37, 58, 84, 92
-48, 31, 56, 42
71, -65, 91, 13
59, -26, 60, 34
12, 9, 59, 80
-59, 39, -48, 52
64, -38, 72, -2
-5, -61, 69, -51
-8, 30, 31, 89
41, -99, 43, -70
74, 3, 85, 53
-90, -20, 96, 46
-9, -100, 100, 80
-56, -4, 5, 1
-16, -12, 21, 76
57, -41, 93, 76
15, -41, 65, 98
-26, 86, 45, 98
-49, 30, 16, 67
31, 55, 77, 84
81, -78, 92, 74
-67, -73, 62, -11
39, -95, 55, -2
-10, -30, 29, 47
-55, 76, 32, 82
90, 0, 93, 37
70, -2, 86, 89
6, -56, 85, 70
-69, 41, -13, 56
50, 81, 79, 91
-76, 99, -40, 100
-9, 81, 25, 83
70, -73, 78, 53
-52, 67, 2, 69
78, 81, 90, 88
-77, 97, 89, 99
97, -22, 99, -2
-83, 7, -33, 59
-93, -76, -83, -56
86, 29, 91, 54
97, 92, 100, 97
-72, 57, -53, 64
77, 39, 94, 53
43, 53, 62, 69
42, -3, 76, 39
-12, 42, 44, 92
75, -32, 91, 54
-44, -58, 1, -27
-23, 96, 42, 97
-72, -56, 97, 49
-19, 20, 10, 48
-81, 48, 73, 77
1, -8, 94, 24
64, -34, 85, -4
-96, 81, 56, 85
-42, 57, -8, 74
-79, -63, 62, -41
-87, -73, -26, -63
3, 75, 52, 77
-52, -74, 35, -13
91, 39, 94, 65
-60, 59, 88, 67
85, 2, 87, 9
-6, -9, 11, 86
-59, 96, -38, 97
40, -29, 93, -3
49, -51, 100, -44
-55, -97, 81, 22
50, 45, 85, 97
54, -38, 79, -16
-34, -61, 59, -32
-23, -63, 6, -40
-10, -94, 59, -25
-15, -28, 50, -10
-70, -26, -11, 4
45, 43, 81, 69
85, 51, 87, 62
72, 89, 84, 100
70, 62, 74, 76
81, -80, 91, 44
-28, -67, 13, -39
99, -94, 100, -59
-41, 17, 90, 76
-19, -24, 2, 87
-49, 52, 78, 88
-19, -75, 22, 32
-33, 88, 25, 94
72, -11, 75, 73
-85, 65, 84, 87
28, -55, 29, 89
-1, 93, 11, 97
3, -51, 96, -41
-84, 97, 77, 100
-74, -95, -37, 64
49, 30, 60, 92
27, -43, 72, 71
-73, 65, -12, 68
-81, 83, -2, 98
-20, 94, 0, 97
-14, 94, 78, 98
-36, 69, 69, 95
6, 90, 68, 93
23, 95, 98, 100
-23, 6, 96, 18
79, -55, 84, 2
-8, -5, 88, 18
95, 0, 100, 9
64, -74, 83, 98
4, -67, 100, 81
6, 95, 17, 98
-39, 71, 12, 81
57, -80, 76, -9
-22, 19, 88, 32
-32, 52, 36, 61
-46, 95, 5, 100
31, 13, 37, 49
55, -1, 95, 95
-79, 10, 45, 73
-65, 20, -20, 71
10, -28, 75, 42
-26, -94, -2, -15
-23, 8, 18, 28
50, 92, 60, 96
-47, -69, 53, 5
-97, 61, 14, 66
-92, 60, -84, 61
-33, 79, -8, 87
14, 31, 80, 46
42, -55, 48, -26
-57, -76, -16, 84
32, -70, 50, -66
88, -81, 93, -9
-72, -97, -8, -78
-73, -56, 59, 77
-84, -46, -29, -12
-100, 58, 81, 98
-50, -2, 85, 33
84, 0, 100, 43
78, 26, 89, 47
-2, 30, 66, 100
20, -20, 99, -13
-42, 87, 16, 88
-32, -23, 20, 23
4, -36, 83, -34
72, 64, 89, 67
32, -37, 37, 66
-95, 45, -71, 77
-59, 99, -6, 100
-57, -53, -6, -13
-35, 72, 53, 86
81, -36, 94, 75
-6, -18, 41, 30
41, -86, 59, 43
-74, -5, 6, 79
97, 48, 100, 100
-42, 74, 87, 79
33, -18, 61, 33
2, -95, 9, 60
-97, 43, -73, 93
-93, -17, 49, 68
30, 12, 62, 47
83, 23, 97, 62
-47, -90, 10, 11
87, -22, 92, 58
30, 97, 72, 98
-48, -80, 25, 38
-55, 41, 73, 79
51, -65, 57, -56
-48, 77, 67, 89
10, -50, 47, 10
-36, 60, 69, 98
-48, -55, 29, -21
55, 12, 88, 69
-37, 97, -13, 99
-40, -83, -33, 39
-56, -100, 69, -94
-28, -95, -13, 23
-25, 55, 37, 84
-24, 62, 0, 72
-21, -28, 17, 78
48, -34, 55, 63
-90, -23, -81, 57
-56, -31, 98, -7
38, 79, 89, 92
-52, -28, -31, 53
-25, 59, 77, 88
-8, 76, 44, 91
-72, 72, 9, 94
-29, 90, 86, 91
-18, 75, 49, 81
59, -75, 91, -49
53, 29, 72, 72
73, 91, 77, 100
-15, 44, 79, 60
33, -79, 72, 90
-18, -48, 17, -31
-32, -88, 21, -33
2, 51, 50, 61
-62, 24, 66, 92
-77, -37, -73, 26
76, 59, 90, 96
-48, 70, 40, 72
-29, -38, 36, -23
32, -52, 58, 34
-81, -39, 10, -6
-91, -11, 95, 2
-6, 33, 14, 75
-60, -15, 69, 44
32, 52, 88, 71
75, -46, 95, 36
-69, 82, 8, 96
-63, -89, -53, 15
70, -100, 93, 53
69, 48, 71, 97
-83, 85, 100, 86
48, -85, 63, 99
25, 71, 70, 82
54, -80, 65, 21
-39, -98, 73, -32
-5, -78, 28, 59
-42, 0, 86, 97
-46, -60, -30, 62
-22, -53, -10, 91
-38, 65, 96, 75
39, 88, 61, 93
40, -30, 99, -11
48, -27, 66, 44
-8, 19, 97, 47
39, 71, 62, 88
21, -31, 47, -25
-92, -67, 61, -35
-50, -52, 34, 76
-49, -97, -18, 16
32, 98, 44, 100
15, 97, 100, 99
76, -18, 77, 37
9, 87, 67, 96
-98, -23, 3, 18
-9, 39, 53, 41
99, -67, 100, 16
44, 69, 48, 85
41, 29, 79, 48
75, 96, 78, 99
9, 72, 48, 91
67, 17, 92, 40
43, -56, 44, -21
83, 12, 98, 54
75, 29, 77, 50
-75, -23, -61, 32
-95, -41, 58, 73
-97, 3, -52, 67
-82, -47, -73, 55
56, -13, 57, 47
-46, -17, -1, 77
-72, 60, 70, 67
76, 29, 99, 51
43, -68, 58, 6
-68, -5, 97, 7
-37, 57, 28, 79
17, -62, 29, 90
-3, 1, 39, 21
-48, -80, 7, 17
4, -9, 58, 34
1, -61, 65, 76
-8, -54, 66, 10
26, -43, 51, 21
20, -56, 34, -38
-97, -10, -94, 31
-23, -81, 40, 70
0, -52, 45, 80
23, 40, 99, 76
-71, 7, -16, 12
55, 27, 86, 68
93, -12, 95, 85
-83, 64, -70, 75
90, -2, 99, 10
21, 28, 99, 95
-74, -26, 91, -7
22, 81, 88, 99
48, -21, 76, -11
-64, -10, 73, 58
-62, -16, 74, -11
-96, -87, -30, -6
44, -21, 97, 16
-50, 81, -40, 89
21, -71, 65, 76
-81, 54, -48, 96
49, 49, 76, 63
-9, 22, 22, 68
44, 61, 52, 90
-23, -15, 63, 72
-51, 98, 8, 99
-62, -38, 95, -37
-84, -46, -82, 28
-95, -97, 77, -80
-3, -92, 77, -34
-51, -22, -14, 79
-17, -55, 19, 5
-17, 65, 26, 71
-94, 4, -86, 24
50, 26, 61, 47
50, 57, 58, 94
-13, 31, 84, 35
-56, 26, 66, 100
-96, -4, -30, 44
-31, 61, -11, 72
41, 79, 87, 97
-4, -61, 65, -5
-57, 25, -34, 96
91, -87, 100, -34
-16, 14, 36, 63
-15, -25, 28, 85
15, -29, 97, 98
-98, 69, -10, 84
6, 32, 85, 51
43, 45, 75, 83
-31, -84, 32, -18
80, -38, 92, 66
-16, -27, 15, 73
-83, 24, 93, 98
32, -19, 83, 75
72, 89, 91, 94
-63, 94, -16, 99
84, 41, 96, 82
33, 93, 64, 97
-30, -15, 66, 52
85, -12, 86, 34
46, 69, 84, 98
-20, 46, 34, 55
49, -78, 61, -12
-68, -29, 82, 82
76, -5, 82, 87
47, 6, 65, 36
-34, 62, -26, 75
40, -3, 52, 29
75, -10, 99, 48
-72, 84, 72, 87
11, 64, 99, 79
-45, 73, -23, 89
87, 83, 97, 87
53, -25, 100, 32
-61, 52, 22, 70
-82, -34, 58, -29
-86, 6, -49, 98
22, -29, 23, 28
43, 20, 69, 59
-14, 10, 34, 94
16, -14, 60, 30
-63, -82, -1, -31
36, 51, 68, 87
48, 60, 75, 73
7, -74, 78, 75
40, -50, 73, 14
-58, -59, 74, -31
38, -59, 91, 39
-44, 54, -34, 83
36, -26, 53, 35
-49, 43, 71, 66
-56, -38, 13, 21
95, -8, 99, 22
-99, -42, 82, 95
-51, 45, 82, 88
36, -20, 98, 97
-99, 10, -91, 50
41, 67, 95, 85
-95, -56, -76, 59
8, 13, 42, 32
-46, -9, 88, 66
-100, -40, 81, -22
-98, -23, -75, 95
64, -77, 74, -1
84, 89, 89, 92
79, 51, 98, 92
58, -41, 76, 54
18, -95, 41, 29
-10, -49, 76, -2
-9, 48, 24, 84
67, 59, 68, 93
-82, -65, -24, 21
23, 71, 32, 82
-96, 32, -95, 89
-1, 97, 56, 100
-95, -42, -76, -39
20, -85, 93, 67
78, 57, 85, 82
-24, 52, 85, 81
81, 30, 89, 69
65, 64, 66, 76
14, 41, 71, 65
8, 74, 47, 87
45, 4, 83, 23
71, 45, 82, 89
-23, -60, 1, 12
-67, -84, 2, -60
30, -12, 58, 95
52, 45, 85, 58
-36, 31, 26, 71
-90, 97, 45, 98
76, 58, 87, 81
25, 23, 95, 37
-21, 56, 78, 58
21, 59, 26, 74
65, 90, 94, 97
-17, 77, 70, 90
99, 32, 100, 99
-92, 50, -45, 83
-84, -34, 23, 95
-91, -79, 40, -19
40, 65, 93, 78
-100, -54, -89, -9
-93, 30, -31, 60
-82, 30, -28, 40
-89, 92, 37, 99
25, 5, 61, 54
-6, 91, 70, 100
5, 9, 23, 18
79, 38, 94, 74
-28, -96, 61, -53
-51, 65, 25, 71
-48, 3, 23, 50
-6, -82, 65, 19
-38, 13, 7, 94
-20, 65, 43, 76
-59, -56, 9, -19
88, 34, 95, 37
96, -41, 98, 45
10, -96, 50, -74
42, 67, 99, 69
-97, -40, -91, 50
92, 93, 98, 99
-42, -67, 35, 79
-16, -39, 90, 21
81, -61, 86, 79
41, 85, 94, 89
20, 42, 86, 77
33, 8, 78, 26
-81, -68, 8, -63
-92, 4, -10, 38
35, -70, 38, -59
-4, 20, 40, 71
18, 44, 52, 82
-18, -73, 61, 12
15, 33, 52, 94
40, -58, 100, 79
42, -27, 53, 79
67, 11, 79, 21
0, -94, 24, 86
83, -36, 100, 37
-89, -13, -7, 10
27, 94, 94, 99
4, 77, 44, 86
-53, 9, 84, 58
92, 43, 96, 67
-3, 55, 23, 86
14, -68, 29, -65
30, -2, 92, 79
-34, -29, 97, 43
-39, -15, 51, 37
-18, 82, 78, 93
2, -83, 17, 77
44, 16, 48, 91
-13, -75, 81, 70
-91, -89, 12, -68
-5, -61, 31, 70
-40, 79, 75, 81
58, 14, 95, 55
31, -82, 61, -17
-59, 44, 91, 94
6, -34, 59, -17
-1, -64, 15, 95
63, 57, 89, 59
30, -69, 79, 16
-18, -72, 24, -24
40, -49, 86, 68
74, -15, 85, 43
-22, 72, 91, 87
14, 43, 69, 51
-6, 85, 15, 93
-58, -7, -31, 57
34, 29, 47, 40
-86, -71, -3, -68
-33, 36, 11, 63
13, 48, 78, 91
-85, 42, -60, 85
-3, 24, 67, 91
-4, 98, 9, 100
33, -21, 98, 58
58, -27, 67, -15
-6, -34, 51, 45
80, -15, 85, -5
-18, 53, 87, 72
-39, 68, 80, 93
-87, 20, 10, 56
19, -8, 21, -2
-67, 58, -62, 96
46, 20, 52, 27
-52, -11, 87, 65
-68, 73, -1, 80
-44, 31, -4, 55
29, -38, 34, 28
-51, -10, 38, 60
58, -12, 93, 46
31, 15, 61, 77
53, -15, 96, 64
-64, 2, -8, 34
-40, 30, 77, 84
94, 87, 97, 94
-29, -73, 60, 3
49, 5, 66, 39
-56, 38, 59, 67
36, 31, 77, 44
-54, -11, 35, 84
-89, -53, -53, 99
51, -40, 65, -5
-42, -77, 76, 70
-92, -21, 16, 18
-97, 71, 31, 79
25, -23, 76, 31
89, -67, 95, -8
72, 3, 78, 69
50, 50, 75, 54
57, -18, 72, 47
4, -72, 7, 80
74, -95, 86, -22
49, -35, 60, 12
-46, -76, 27, 81
-46, 2, 8, 98
70, 60, 92, 80
-2, -5, 41, -3
66, -23, 84, -9
-94, -33, -85, -11
66, -46, 91, -7
78, -66, 80, 27
35, 82, 62, 100
-59, -48, 5, -35
-75, -26, -67, 22
41, 1, 42, 48
61, -91, 62, -90
2, 23, 62, 37
-88, 35, 0, 95
57, -71, 60, 90
20, 20, 43, 80
-81, -41, 83, 55
-40, -42, -7, -16
-51, -5, 72, 82
-35, -99, 52, -42
-92, -85, 30, 61
17, 92, 32, 93
91, 77, 92, 83
-80, -39, 1, 81
-57, -73, 50, -30
-42, 83, 26, 88
-9, 45, 10, 90
2, -87, 66, -79
-7, 50, 46, 62
37, -93, 60, -45
-57, -10, -37, 16
38, 65, 42, 79
69, -97, 87, 11
75, 74, 80, 79
-80, -74, -58, -59
-14, -79, 3, 22
-3, -2, 7, 43
80, 25, 84, 85
-80, 92, -67, 98
48, 28, 87, 58
66, 24, 98, 68
-77, 81, 68, 87
-97, -13, 63, 17
34, -61, 90, -37
-79, -12, 37, 4
60, 89, 92, 93
80, 17, 89, 85
8, 65, 49, 93
-63, 48, 1, 69
-59, -10, 51, 50
48, 59, 55, 88
38, -48, 87, 48
-88, 9, -84, 37
-100, -55, 99, 95
92, 13, 93, 71
12, -38, 90, -4
-17, -8, 49, 16
-29, -71, 49, -20
-45, -19, 57, 6
-99, 7, 5, 53
81, 42, 84, 46
-12, -30, 27, 81
-68, -79, 20, 36
12, -55, 96, 37
3, 34, 82, 92
38, 80, 41, 82
-35, -76, 38, 18
38, -81, 66, 40
34, -2, 100, 75
2, -93, 61, -50
14, -49, 97, 72
63, -5, 74, 73
-1, -39, 94, 9
-34, 31, -21, 60
28, -65, 51, 25
-25, -71, 2, 73
-91, 42, -75, 75
-89, 45, 16, 46
82, -33, 88, 56
-11, -79, 73, 86
-25, 43, 69, 64
-76, 7, 0, 42
33, 0, 42, 7
94, 81, 100, 91
-16, -8, 49, 40
-30, 83, 58, 95
-59, -89, 96, 52
11, -17, 31, 49
11, -69, 43, -22
1, -83, 8, -68
36, -9, 79, 23
4, -56, 40, 36
19, -91, 49, 31
19, -82, 41, 87
-12, 65, -5, 76
91, -5, 94, 45
55, -40, 78, 58
-58, -59, -55, 90
-53, -37, 15, 26
-72, -91, -67, 18
-34, 80, 95, 94
42, -18, 81, 61
-30, -95, 67, 90
0, -38, 81, -10
29, 41, 66, 62
60, -71, 91, 91
27, -8, 47, 39
95, 97, 96, 100
-66, -17, -3, 68
-18, -54, 24, 8
12, 37, 67, 57
-32, 62, 53, 71
26, 1, 60, 61
-80, -71, -37, 77
-72, -33, 80, 9
-13, 10, 63, 25
82, 25, 95, 89
7, -34, 14, 29
28, 36, 33, 74
-44, 89, -42, 95
-72, -7, 59, 100
-15, 3, 46, 55
32, -73, 67, -31
-95, -76, 77, 97
97, 56, 99, 89
-87, 82, 32, 97
-81, -45, -2, -44
84, -86, 85, 86
90, 0, 91, 88
4, 52, 5, 71
-41, -56, -33, -36
-13, 80, 50, 87
-21, -76, 64, 59
-62, 9, 58, 59
77, 47, 87, 72
-30, -96, 2, 10
-16, -36, 46, -20
-72, 34, 50, 42
30, -22, 55, -21
18, 54, 80, 79
83, 67, 94, 98
43, 99, 58, 100
-82, -37, -39, -36
-32, -15, 3, 25
-64, 3, 92, 66
-85, -30, 97, 31
73, 86, 76, 94
49, -11, 59, 12
-76, 63, -25, 72
-68, 38, 76, 74
-27, -22, 6, 42
-66, 55, 21, 72
-78, 12, -59, 37
15, -60, 37, -55
-25, -5, 35, 89
70, -9, 71, 2
-94, 44, -34, 62
53, -92, 94, -3
-10, -53, 60, 27
-58, 92, 84, 100
57, 53, 73, 89
-78, -11, -62, 58
31, -56, 93, -20
-60, -14, -58, 96
51, 59, 71, 83
-83, -97, -21, 21
-2, 85, 30, 92
-44, 47, -22, 89
10, 58, 17, 81
25, -62, 34, 47
58, -28, 85, 58
-52, -71, 17, 87
73, 75, 92, 91
-51, 3, 83, 38
23, -36, 75, 74
-53, 52, 77, 72
46, 76, 100, 89
-94, -40, 72, 41
71, 59, 76, 64
55, 24, 72, 47
-13, 97, -3, 100
40, -49, 59, 25
-7, 65, 98, 76
6, -99, 55, -14
47, -87, 87, 84
-5, 61, 92, 70
-89, 45, -56, 98
-57, 41, -36, 95
-53, 1, -10, 40
52, 18, 91, 40
38, -56, 84, 24
-32, 28, 70, 61
28, -62, 68, 92
10, 74, 84, 82
25, 75, 90, 91
-76, 17, 79, 85
-33, -40, 4, 69
-53, -59, -13, 72
-75, -96, -74, 87
30, -23, 60, -18
39, -11, 95, -3
-58, 54, 21, 85
17, 68, 23, 79
64, 0, 81, 39
39, 86, 42, 97
75, -41, 78, 2
-90, 86, 20, 87
-61, -83, -46, -36
-84, -16, -16, -7
-60, 9, -34, 74
-9, 66, 91, 78
-27, -17, 98, 78
31, -93, 61, 63
-61, -13, 66, 27
54, 90, 72, 100
-95, -20, -85, 64
79, -19, 80, 48
18, -65, 75, -41
84, -31, 91, 27
-56, -83, 57, 10
-97, -63, 83, 99
16, 31, 24, 98
-19, 56, 18, 69
-62, 96, 14, 99
-28, -57, 100, -10
92, -3, 93, -2
-92, -90, 49, 82
82, 63, 84, 92
-6, 20, 88, 65
92, 15, 98, 29
-10, -82, 27, 31
-39, 43, 85, 49
-15, -14, 85, 29
25, -38, 62, 85
5, -96, 8, -74
-45, -89, 75, 57
24, 12, 45, 57
10, 46, 87, 65
73, 10, 85, 44
91, 92, 93, 96
61, -62, 66, -6
4, -95, 69, 42
-53, -60, -23, 66
-59, 45, -50, 51
-27, 63, 80, 72
-37, 78, 94, 90
24, 25, 84, 84
12, -5, 37, 3
-1, 64, 84, 74
-50, -9, -9, 28
-70, 5, 12, 13
-34, -63, 37, -35
-7, -30, 97, 32
-81, -22, 48, 62
73, 17, 86, 39
41, 9, 91, 76
-54, -93, -23, 90
56, -69, 94, -28
-5, 84, 44, 98
21, 12, 37, 21
-43, -23, 36, 13
60, 35, 80, 60
61, -31, 95, 28
-70, 54, 21, 68
78, 71, 96, 85
-71, 0, 13, 82
-33, 26, 19, 32
-74, 83, 21, 96
24, 79, 41, 88
-65, -19, 69, 10
-2, 21, 27, 22
-25, 39, 39, 93
-21, 71, -11, 89
49, 88, 55, 97
-58, 90, -19, 98
-73, 88, 64, 90
54, 5, 58, 45
-28, -19, 98, 48
-8, -69, 49, 98
75, 73, 78, 78
97, -87, 100, 71
-11, 74, 52, 85
-35, -78, 70, 12
-31, 17, -4, 71
74, -72, 83, 7
20, -97, 87, -35
-98, 53, -45, 78
49, -38, 94, -31
65, 34, 98, 72
-35, -59, -21, 57
95, -38, 96, 24
-96, -12, -71, 96
-96, -25, 76, 24
37, -2, 54, 97
-8, 61, 50, 66
47, -6, 51, 73
-45, -27, 40, 27
31, -7, 61, 78
1, 47, 67, 97
6, -59, 86, 84
-49, -99, 51, -73
80, 13, 86, 84
-20, -26, -11, 94
61, -67, 81, 28
-8, 7, 56, 22
57, -48, 76, 54
79, -72, 86, -70
59, -25, 60, 33
16, 43, 75, 83
45, -13, 72, 23
-90, 73, -82, 74
-28, -58, 82, 77
41, -23, 82, 56
-21, -83, -16, -42
-73, 41, 30, 92
41, 33, 44, 74
89, -67, 94, -29
45, -89, 78, 71
1, -38, 29, 48
-67, -61, -17, -45
-65, 14, 77, 82
-12, 68, 82, 72
-76, -21, -9, -6
-75, -69, 97, -30
-66, 84, 3, 86
-76, -89, -67, 79
47, 36, 89, 62
74, -98, 77, 77
5, -88, 19, 16
-17, -68, 39, 96
-60, -24, -18, -3
-31, -76, -23, 18
-56, 78, 1, 100
60, 85, 84, 91
76, -64, 99, 41
88, -11, 92, 57
-49, 63, 86, 100
-72, -65, 23, 63
65, -27, 80, 87
46, -7, 91, 33
42, -51, 50, 19
-38, 97, 35, 100
-23, 6, 77, 94
-48, 91, 86, 98
-18, -35, 27, 53
51, -79, 87, 54
53, -48, 76, 19
64, -80, 92, -6
65, 44, 82, 84
5, -57, 100, -17
-87, 69, 30, 82
-87, 20, -61, 23
-73, -91, -47, 94
-52, 14, -1, 84
-64, -57, -59, 58
33, 73, 64, 97
16, 30, 46, 90
-14, -10, -3, 100
48, -11, 100, 76
32, -98, 76, 22
69, -49, 95, 97
41, -17, 70, 71
70, -78, 76, 52
-88, -77, 1, 81
-54, 7, 9, 17
-95, -100, 100, -34
-93, 81, -10, 86
-98, -77, -33, -48
50, -57, 67, -30
-4, -54, 81, -27
46, -70, 64, 5
88, 52, 95, 68
0, -97, 88, -57
-59, 52, 76, 73
-24, -99, 69, -55
-52, 80, 47, 88
-26, -42, 86, 97
27, -62, 64, 13
-97, 35, -18, 81
24, 19, 99, 49
71, -69, 84, 58
93, -96, 99, -80
34, 53, 49, 81
-62, 19, 23, 37
-59, 84, -43, 98
3, 90, 25, 93
59, 1, 61, 25
-22, -89, 51, 90
86, -67, 88, 68
34, 90, 91, 97
-4, 98, 42, 100
99, -81, 100, 87
-56, -54, -9, 41
-92, 2, 15, 15
-6, -51, 97, 6
41, 84, 84, 93
92, -47, 97, -26
66, 40, 75, 62
66, 59, 97, 71
33, -95, 82, -34
59, -94, 79, -18
56, -26, 63, 14
-52, 38, 11, 56
25, -14, 84, 9
-64, -33, -45, 11
18, -97, 31, -67
85, 11, 93, 23
-36, -25, 64, 10
3, -84, 7, 69
-40, -73, -17, 10
-52, -54, 66, 30
-97, -14, 71, 48
45, 71, 85, 85
2, -14, 23, 48
-37, 4, 91, 83
71, -23, 95, 73
-70, -35, 80, 59
-65, 16, 34, 98
76, 33, 99, 54
45, 96, 57, 97
60, -82, 84, 100
31, -38, 44, -27
93, -81, 100, 64
-93, 99, -47, 100
-53, 12, 52, 48
-11, 63, 75, 73
50, 16, 95, 41
51, 76, 52, 100
-63, -58, 4, -46
75, -73, 78, 90
-1, -48, 60, 85
-62, 75, -30, 85
53, 32, 58, 74
44, 17, 91, 64
58, 80, 99, 97
35, 16, 89, 91
41, -88, 56, 75
-18, 12, -14, 95
1, 56, 71, 64
39, -36, 58, 94
-6, -50, -1, -15
38, 13, 43, 20
-97, 23, 80, 47
-14, 5, 41, 95
64, -46, 86, 26
-55, 73, 43, 93
-33, -49, 49, 82
-15, -1, 71, 74
-61, 30, 89, 80
-90, -40, 26, -31
-86, -34, 27, 59
-19, 55, 43, 87
98, -17, 99, -13
-19, 0, 69, 73
-99, 66, -91, 84
-14, -39, 41, 54
-36, 16, 49, 59
32, 92, 89, 95
-47, -71, 62, -15
-70, 9, 76, 30
-88, -90, 9, 42
-12, 56, 58, 80
67, 63, 87, 89
46, 55, 83, 93
-76, 42, -34, 76
-95, 49, 0, 65
-17, -47, 66, 4
31, -58, 67, -8
14, -17, 80, -4
97, 71, 100, 93
1, 61, 73, 80
99, -23, 100, 95
96, -92, 99, -60
-32, -62, 0, -47
-20, 63, 71, 83
90, 12, 100, 37
-77, -67, -33, -24
81, 80, 99, 94
47, -66, 97, -36
-10, -64, 74, -12
-91, -14, -35, 51
-70, 98, 65, 99
-58, 75, 65, 92
-89, -89, -47, 17
-33, 24, -9, 41
71, 35, 96, 40
11, -65, 58, -38
-84, 16, -17, 35
-81, 38, 91, 96
50, 93, 67, 100
-81, -83, 40, 38
36, -73, 83, 60
-48, -96, 24, 29
-80, 69, -5, 77
90, 16, 91, 87
-96, 45, 62, 54
-78, -1, 23, 48
-10, 56, 82, 77
-14, -20, 26, 88
-33, 50, 41, 95
39, 6, 67, 55
4, -36, 43, -17
77, 41, 98, 59
-35, -48, 60, -13
-38, 60, -12, 65
-94, 9, -31, 45
-77, 12, -28, 90
-21, 37, 37, 50
-50, -82, 6, -37
48, 20, 94, 25
31, 52, 90, 97
61, 71, 64, 84
38, 45, 63, 58
34, 91, 43, 95
-21, -42, -18, 82
-66, -5, 59, 73
-16, 96, 47, 97
67, 97, 83, 98
88, -41, 100, 58
-66, -92, -17, 1
32, 25, 87, 61
-64, -2, 64, 22
-33, -77, 60, 60
-89, 36, 57, 52
-53, -2, -41, 1
44, -92, 93, 96
-22, -77, 59, -69
85, -6, 99, 34
-70, 53, 14, 81
-12, -90, 83, 20
68, 89, 89, 96
-59, 5, 17, 87
53, 81, 69, 93
70, -7, 94, 44
76, 77, 96, 93
55, 24, 73, 49
25, -71, 65, 41
62, 10, 79, 65
-53, -21, -13, 47
37, -76, 93, -29
58, -99, 100, 40
-21, -71, 47, -14
99, 84, 100, 99
-70, 47, 47, 57
8, -14, 82, 57
15, -25, 36, 31
18, 69, 71, 99
-29, 50, 46, 78
65, 66, 88, 93
-93, 39, 61, 95
-79, -76, -31, 53
-21, 26, 61, 91
-62, -81, 67, 17
-42, 5, 41, 6
19, -86, 85, 36
16, 6, 22, 70
44, -71, 59, 49
-48, 59, -5, 100
-82, 49, 69, 64
-81, 74, 100, 81
23, -85, 88, -30
77, 62, 95, 70
-21, -32, 40, 39
-99, 87, 89, 89
-20, -76, 72, 100
15, 85, 71, 91
-74, 91, 49, 97
98, -90, 100, 15
63, 78, 90, 88
61, -6, 93, 93
28, 16, 42, 81
8, -76, 37, -38
52, -75, 53, -66
-93, -90, 14, -83
-83, -7, -54, 42
7, 58, 36, 85
-82, 25, -23, 79
-82, -96, 8, -16
-64, -14, 25, 18
99, 24, 100, 63
81, 75, 86, 78
91, -87, 96, 33
49, -16, 79, 91
-76, 90, 24, 95
-6, 88, 53, 93
-100, 70, -99, 90
17, 78, 83, 79
17, -45, 74, -32
71, 33, 74, 84
10, -38, 97, 26
89, -22, 100, 84
94, 60, 100, 61
18, 34, 49, 57
-69, 33, 97, 88
-63, 27, 4, 48
-90, 59, 93, 95
99, 94, 100, 100
83, 30, 92, 39
99, -40, 100, 90
-91, 54, 23, 99
-77, 35, -65, 45
-76, -11, 5, -3
-99, -49, 69, 51
94, -29, 98, 14
7, 12, 32, 46
78, -90, 96, -58
-13, 89, 89, 97
-25, -17, -16, 70
34, -11, 76, 98
-15, -7, -11, 83
96, -37, 98, -9
87, -43, 100, 24
-37, -32, 48, -21
93, 91, 96, 96
-96, -10, 47, 33
-41, -58, 87, 3
-98, 37, -35, 69
16, -90, 84, 28
-92, 38, -3, 73
28, -42, 51, 57
-26, 97, 57, 99
31, 48, 99, 49
-92, 90, 11, 97
17, 87, 29, 97
-17, 11, 50, 29
-30, -99, 0, -16
-78, 71, -10, 77
-41, 83, 44, 90
39, 35, 80, 54
46, 49, 55, 56
-12, 77, 77, 89
81, -54, 100, 50
39, 95, 94, 97
9, -97, 17, -5
56, -26, 90, 64
-24, 56, 74, 97
84, 59, 92, 82
23, 79, 34, 91
-56, -11, 30, 46
-67, 6, -37, 41
99, -95, 100, -11
-38, 74, -22, 100
-48, -97, -5, -47
-86, -95, -27, -87
-75, -26, 75, 71
-26, 72, -7, 97
1, 34, 35, 69
-23, -35, 58, -7
5, -94, 18, 10
35, -28, 100, 75
37, -66, 82, 28
-58, 53, -43, 92
-29, -5, 82, 21
96, 24, 100, 32
49, -45, 88, 83
38, 30, 64, 34
94, -14, 100, 63
-23, 76, 65, 98
94, -99, 95, -7
-59, 90, 5, 94
95, -91, 99, 58
56, 63, 71, 94
56, 39, 74, 43
65, 81, 83, 87
-79, 41, -46, 89
68, -51, 71, 60
74, 28, 97, 42
-27, -83, 54, -72
22, -63, 25, -30
-95, -73, -89, -68
79, -34, 84, 22
-80, -11, 16, 12
-99, 92, 37, 95
8, -56, 37, 90
-81, 12, -21, 93
-99, 93, -72, 96
26, -23, 34, 43
79, -14, 81, 31
70, -12, 81, -8
81, 70, 89, 90
-65, 36, 57, 89
29, -79, 32, 92
64, -51, 76, 52
-73, -69, -30, -32
-14, -62, 100, 5
-76, -38, -75, 5
90, -94, 92, 88
78, 55, 96, 88
35, 10, 97, 53
-96, 4, 10, 86
-12, -92, 92, -90
83, 44, 89, 79
55, -38, 91, -19
-61, -80, 88, 28
65, 66, 80, 99
88, 62, 98, 64
28, -70, 50, 79
-3, 88, 14, 95
-54, -20, -1, 74
-53, 89, 55, 97
36, -72, 40, 19
62, 57, 71, 64
87, 48, 99, 67
42, -56, 78, 38
6, -43, 28, 52
-45, 47, 78, 74
1, -95, 31, -74
68, 33, 92, 56
68, 46, 97, 65
82, 4, 93, 53
-48, 30, 50, 39
63, -71, 73, -50
-88, 85, -17, 90
30, 8, 44, 73
-66, 95, 75, 96
40, 12, 45, 66
26, -76, 60, 24
-46, -86, 54, -63
92, -25, 99, 24
25, -77, 58, 15
65, 13, 68, 91
76, 48, 85, 99
34, -87, 71, -68
7, 31, 29, 79
-31, -51, 0, -21
-19, 24, 2, 83
28, -61, 90, 72
-75, -96, 64, -39
41, -77, 59, 99
-83, -96, 5, -41
-60, -41, 47, 88
-10, -40, 7, 52
-3, -7, 56, 80
-65, 90, 26, 97
-87, 57, -38, 67
-80, 41, 24, 67
-22, -13, 14, -8
-1, 23, 30, 48
-45, 56, -12, 57
36, 39, 98, 63
-22, -1, -17, 25
99, 66, 100, 89
12, 5, 24, 55
-24, 74, 14, 87
-57, 57, -56, 96
47, -36, 96, 26
36, -4, 68, 64
-23, 36, 71, 53
-99, -93, 55, 77
59, -74, 68, -34
39, 6, 96, 16
-96, 28, 88, 73
63, 72, 97, 86
10, 58, 67, 59
56, 62, 81, 63
80, -51, 84, 43
62, 67, 74, 72
-5, 85, 83, 99
-84, 3, 35, 83
88, -32, 97, 78
-97, 48, 66, 61
-96, -2, 38, 65
-81, -4, -60, 31
-31, 22, 97, 49
2, -26, 19, 11
-11, 23, 14, 33
-69, 77, 70, 100
-35, 61, 16, 82
-44, 46, 83, 92
96, 87, 97, 93
-93, -39, 83, 68
-44, -98, -5, 42
57, 80, 91, 95
53, -1, 61, 60
-49, -82, -35, 67
-48, -27, 79, 40
17, 19, 92, 75
1, -44, 66, -21
-68, -67, 41, 12
32, 57, 66, 68
-50, 62, 25, 67
34, 11, 35, 13
21, -35, 98, 97
-6, -71, 30, 39
75, 6, 80, 9
21, 67, 75, 86
-40, -18, 43, 52
54, -19, 78, 92
-94, 62, -36, 87
-33, 45, -6, 54
48, 63, 98, 79
-64, -95, 16, 81
25, 15, 74, 63
90, 76, 97, 98
-35, 64, -10, 70
-72, -41, -35, 29
-100, 8, 90, 95
93, -27, 100, 29
-63, 18, 48, 97
-45, -32, 7, 93
-31, -1, 60, 84
6, -66, 7, -20
-19, -19, 88, 2
-27, 18, 86, 23
35, -38, 93, 42
-98, 16, 15, 55
-17, -59, 4, -26
-81, 11, 14, 28
93, 8, 98, 98
64, -38, 93, 24
38, 33, 39, 45
-2, 80, 91, 89
-42, -66, 75, 46
-13, 1, 79, 72
67, -2, 87, 57
80, 35, 89, 83
36, 0, 99, 93
85, -23, 96, 19
-40, 68, -31, 98
54, -40, 57, -11
12, -63, 40, 41
5, -17, 38, 57
-3, -20, 62, 71
-69, -9, -23, 84
-2, 46, 53, 64
-34, 43, -4, 80
-85, -1, -61, 53
-82, -62, 100, 57
88, 23, 94, 56
20, 73, 49, 100
-37, -47, 46, 52
63, 96, 81, 100
-79, -13, -65, 20
-40, -42, -33, -10
13, 59, 83, 82
41, 8, 90, 40
65, -50, 99, -18
67, 6, 97, 48
60, -37, 73, -21
-40, 82, -30, 97
76, -82, 93, 76
59, -85, 68, 92
-93, 6, -67, 25
99, 19, 100, 79
-7, -80, 43, 2
99, 43, 100, 60
40, 89, 95, 93
70, -16, 96, 97
-21, -13, 51, 3
72, 16, 96, 23
88, 28, 94, 40
74, 93, 83, 96
-3, 47, 8, 51
-61, -85, -47, -32
-14, -34, -2, -23
11, -47, 92, 54
-30, 16, -14, 99
-35, 58, 30, 64
89, -69, 93, -34
30, -35, 67, -27
42, 58, 69, 69
-96, -83, 26, -25
-76, 50, 39, 64
-24, 50, 66, 57
-74, -87, -12, -48
9, 42, 53, 88
65, 44, 70, 94
-18, -15, 91, 76
-26, -34, 78, -20
-63, -4, 76, 81
26, 44, 92, 65
70, -50, 89, 48
-72, 33, 8, 73
89, -90, 93, 7
-60, -50, 79, 23
96, 1, 99, 82
-76, 13, -74, 64
-48, 1, 25, 17
94, 39, 97, 86
19, -93, 64, 51
-17, 82, 75, 89
-27, -66, 50, -27
-80, -14, 72, 62
-38, -57, 70, 24
13, -80, 50, -24
9, 77, 84, 97
-100, 53, 55, 62
24, 59, 99, 84
-55, -84, -5, -3
1, -36, 54, -33
26, -23, 70, 13
27, 87, 100, 92
-16, 73, 91, 91
-17, 98, 21, 99
-33, -34, -4, 29
63, -92, 87, 12
78, 2, 82, 32
21, -72, 60, 68
49, 40, 92, 64
-87, 3, -59, 94
-58, -40, 29, 93
39, -93, 96, 42
-59, -63, 25, 0
77, 57, 91, 94
78, 9, 95, 36
-68, 48, 51, 83
-63, -30, 94, 79
84, -92, 91, -52
-33, 44, 16, 92
66, -54, 81, 43
-8, 80, 23, 86
41, 61, 44, 100
52, 87, 65, 91
-38, 78, -17, 100
-63, -2, 87, 50
-61, -76, 21, -35
-51, 21, 40, 70
97, -35, 100, -2
-20, 78, 94, 81
-22, -1, 58, 35
5, -92, 91, -3
-11, 81, 43, 85
-41, -84, 4, 80
-15, -82, 67, 93
77, -16, 87, 49
26, -70, 35, 33
85, -14, 91, 40
-45, 20, 47, 86
39, 88, 59, 95
-65, 84, 27, 95
81, 15, 99, 33
50, -45, 78, 15
39, 50, 71, 93
-85, -79, -56, -53
-17, -16, 42, 90
-39, -82, 66, 49
-21, 95, 33, 98
69, -83, 84, -61
-72, 10, 34, 63
-56, 72, 89, 93
24, 88, 94, 98
5, 8, 34, 75
-65, -73, 32, 91
-31, 86, 50, 95
-7, -13, 75, 60
82, -13, 88, 39
52, 44, 54, 53
-89, -72, 89, -62
-5, -28, 31, 89
0, 96, 75, 100
-100, 80, -88, 99
5, 17, 59, 87
89, 78, 98, 87
-11, -98, 42, -85
24, -79, 32, -48
-93, 93, -56, 100
-70, 83, -13, 92
75, 78, 88, 94
3, -51, 40, 72
92, -25, 98, 1
-48, -100, 95, 59
64, -26, 97, 80
-73, -53, -8, 27
14, -95, 88, 19
-70, -36, 0, 79
-48, -89, 75, -57
-21, -84, 47, 2
75, 70, 88, 85
-22, 62, 28, 75
-11, -28, 28, 32
-87, -82, 48, -59
67, -4, 76, 7
65, 27, 93, 67
70, 16, 96, 27
71, 65, 90, 91
-78, -82, 88, -40
29, 5, 44, 95
-84, -58, 41, -42
-88, -66, -43, -37
-86, 70, 7, 89
-79, 86, 57, 98
-12, -92, 26, -17
-2, -51, 30, -41
-22, 41, 94, 56
9, -77, 34, 11
-95, 26, -86, 95
-34, -80, 58, 65
92, 91, 99, 93
53, 61, 73, 84
-96, -36, -7, 44
-68, 93, -32, 96
-4, -10, 17, 23
79, 39, 90, 52
-43, -11, 85, 96
-94, 39, 84, 69
-55, 92, -6, 97
-94, -86, 50, 62
-92, -21, -80, 54
-87, 93, -79, 94
22, 50, 41, 63
68, -74, 78, -47
-66, 91, -54, 99
-90, -89, -34, -27
60, -40, 90, -4
-13, -42, 37, -2
-24, 82, 48, 83
-11, 67, 86, 86
-60, 99, 13, 100
83, 78, 86, 90
-38, -6, -28, 54
-18, -81, 55, -53
0, -73, 56, -56
67, -99, 85, -70
-97, -70, 50, 27
-59, -37, -1, -1
-22, -30, -21, 47
-87, 62, 38, 70
-99, 88, 6, 95
24, 4, 76, 40
34, 96, 67, 100
-12, 14, 38, 53
47, -41, 51, 74
6, -98, 93, 55
27, 67, 50, 90
54, 42, 74, 88
-29, 20, 35, 30
94, -84, 100, 29
-11, 48, 97, 87
6, -46, 33, 86
38, -45, 87, -4
80, 26, 83, 27
62, 14, 65, 93
88, -60, 97, 65
93, -61, 97, 77
89, 74, 99, 78
47, -92, 74, 49
-100, 35, 25, 71
-59, -90, 97, -32
-27, -23, 16, 77
-86, -67, 69, 24
29, 88, 87, 98
53, -38, 96, 26
62, -40, 96, 5
95, -45, 97, 68
-14, 27, 27, 50
-62, -33, -48, 42
-61, 53, 19, 84
-87, -91, 80, -26
-29, 1, 94, 85
44, -89, 94, 23
-99, 18, 90, 46
58, 70, 70, 82
42, 77, 49, 87
61, 15, 95, 82
-91, -15, 45, 69
22, 54, 31, 83
-85, 51, 14, 95
14, -79, 66, 75
66, 43, 83, 93
40, -7, 53, -6
-67, 4, 73, 55
28, 75, 79, 95
-59, -51, 59, -20
-20, 99, -19, 100
43, 78, 69, 79
-45, 36, -18, 41
-60, 80, 54, 97
-73, -34, -28, 15
75, 93, 87, 98
50, -40, 58, -35
48, -41, 80, 97
-23, 29, 58, 73
-78, -92, 14, 4
-86, 50, 69, 78
28, -57, 57, -55
8, -65, 12, 92
-72, -20, -58, -16
97, 52, 100, 70
-56, 56, 25, 92
-40, 70, -17, 74
-22, -22, 66, -4
-3, -83, 78, -17
-90, -58, 20, 93
-32, 1, -12, 33
21, 50, 55, 64
72, 32, 92, 47
-91, -100, 25, 54
93, 95, 97, 96
-37, -40, 3, 41
-96, 55, -54, 72
24, -30, 51, 19
-97, 23, 21, 68
51, 83, 65, 93
13, 70, 88, 75
-90, 21, 18, 99
-61, 40, 81, 50
42, -43, 58, 35
-12, 45, -11, 94
-43, -72, -15, -12
-39, 27, 1, 73
-69, 56, 28, 70
-23, -13, -3, 19
44, -35, 91, 53
-98, -91, 18, 54
20, 28, 55, 56
43, -78, 90, 80
-31, -39, 33, 42
-75, -67, 51, -12
80, -24, 100, 86
-19, -57, -14, 46
-71, 53, -7, 69
9, -41, 42, 63
81, -50, 95, 38
72, 91, 97, 93
-50, -5, 91, 32
41, 65, 67, 93
50, -63, 72, 62
-49, 7, 82, 8
-61, -91, 47, 51
89, 51, 100, 58
21, -68, 71, -57
-15, -68, 19, -49
-2, 53, 84, 96
-70, 98, 40, 99
42, 72, 87, 91
66, -47, 97, 87
-60, 66, -25, 78
50, -77, 92, -25
5, 36, 24, 54
20, 41, 78, 44
42, 87, 53, 98
91, -60, 99, -37
-19, -23, -2, 21
-69, 95, -64, 97
-25, -44, -20, 37
-66, 3, 76, 78
35, -3, 56, 35
58, -63, 77, 35
-4, -1, 0, 61
-71, 5, 72, 33
-27, -1, -19, 92
-69, -63, 53, 93
-26, -40, 15, 48
6, 71, 44, 87
88, -92, 99, -42
61, 0, 88, 6
-43, 45, 69, 100
20, 85, 22, 86
77, 25, 98, 75
69, 91, 89, 97
75, 39, 77, 75
61, -55, 73, 19
-83, -63, -1, 1
-84, 48, -40, 52
13, 38, 32, 52
-8, 2, 55, 33
-88, 21, 78, 31
-85, 86, 4, 100
-34, 52, -4, 67
43, -81, 82, -48
46, -95, 98, -52
-39, -73, 40, -52
-54, -99, -30, -78
-73, 39, 56, 57
65, -72, 85, -35
-35, -95, -29, 36
-98, -42, 98, 91
-9, -26, 78, -8
-96, -69, -68, 97
-27, -13, 96, 87
1, -52, 56, -17
-51, -48, 95, 95
-78, -74, 77, 37
-68, 41, -36, 65
53, -2, 72, 97
8, 4, 83, 83
-25, 34, 40, 47
-93, -4, -67, 17
71, -97, 79, -46
-63, -98, 21, -19
-50, 81, 40, 96
8, -5, 61, 33
-71, 72, 15, 75
-9, -88, 88, -39
-11, -90, 52, 38
-54, 41, 66, 72
14, -50, 89, 94
28, 0, 96, 88
-77, 9, 2, 25
-44, 82, 53, 91
-74, -14, -18, -10
41, 58, 96, 91
-57, -73, -24, -52
79, 4, 96, 6
77, 62, 81, 70
89, -89, 97, 54
60, 20, 81, 92
56, -3, 93, 38
-30, 99, 85, 100
-19, 27, -12, 66
-18, 22, -1, 86
-69, -41, -55, 65
23, -69, 48, -6
14, -31, 80, 1
94, -94, 95, -92
76, 72, 94, 91
-58, -12, -38, 44
35, 31, 89, 45
-8, 58, -6, 69
